date,open,high,low,close,volume,unadjustedVolume,change,changePercent,vwap,label,changeOverTime
1998-01-02,33.34,33.5,32.97,33.47,5443200.0,5443200.0,-0.13,-0.39,33.31333,"January 02, 98",-0.0039
1998-01-05,33.44,33.44,32.63,33.22,7691600.0,7691600.0,0.22,0.658,33.09667,"January 05, 98",0.00658
1998-01-06,33.22,33.31,32.91,33.06,5448200.0,5448200.0,0.16,0.482,33.09333,"January 06, 98",0.00482
1998-01-07,33.06,33.09,32.56,33.09,5357200.0,5357200.0,-0.03,-0.091,32.91333,"January 07, 98",-0.00091
1998-01-08,33.09,33.5,32.88,33.31,6323800.0,6323800.0,-0.22,-0.665,33.23,"January 08, 98",-0.00665
1998-01-09,33.31,33.34,32.03,32.06,8747200.0,8747200.0,1.25,3.753,32.47667,"January 09, 98",0.03753
1998-01-12,32.06,33.09,31.13,33.03,8895200.0,8895200.0,-0.97,-3.026,32.41667,"January 12, 98",-0.03026
1998-01-13,33.03,33.09,32.31,32.69,6400000.0,6400000.0,0.34,1.029,32.69667,"January 13, 98",0.01029
1998-01-14,32.63,32.63,32.13,32.31,5673200.0,5673200.0,0.32,0.981,32.35667,"January 14, 98",0.00981
1998-01-15,32.22,32.22,31.78,31.88,4166800.0,4166800.0,0.34,1.055,31.96,"January 15, 98",0.01055
1998-01-16,32.16,32.59,32.16,32.5,8217000.0,8217000.0,-0.34,-1.057,32.41667,"January 16, 98",-0.01057
1998-01-20,32.53,32.97,32.53,32.97,4942000.0,4942000.0,-0.44,-1.353,32.82333,"January 20, 98",-0.01353
1998-01-21,32.97,32.97,32.5,32.75,4477400.0,4477400.0,0.22,0.667,32.74,"January 21, 98",0.00667
1998-01-22,32.75,33.0,32.34,32.72,5446400.0,5446400.0,0.03,0.092,32.68667,"January 22, 98",0.00092
1998-01-23,32.72,32.81,31.81,31.91,5033800.0,5033800.0,0.81,2.476,32.17667,"January 23, 98",0.02476
1998-01-26,31.91,32.16,31.22,31.53,5051800.0,5051800.0,0.38,1.191,31.63667,"January 26, 98",0.01191
1998-01-27,31.53,32.06,31.41,31.63,5669200.0,5669200.0,-0.1,-0.317,31.7,"January 27, 98",-0.00317
1998-01-28,31.63,32.38,31.19,32.06,10064600.0,10064600.0,-0.43,-1.359,31.87667,"January 28, 98",-0.01359
1998-01-29,32.09,32.78,32.09,32.38,6681000.0,6681000.0,-0.29,-0.904,32.41667,"January 29, 98",-0.00904
1998-01-30,32.38,32.5,32.25,32.38,4994800.0,4994800.0,0.0,0.0,32.37667,"January 30, 98",0.0
1998-02-02,32.63,33.56,32.63,33.34,10112200.0,10112200.0,-0.71,-2.176,33.17667,"February 02, 98",-0.02176
1998-02-03,33.34,33.81,33.25,33.75,7294600.0,7294600.0,-0.41,-1.23,33.60333,"February 03, 98",-0.0123
1998-02-04,33.72,33.72,33.38,33.53,5980800.0,5980800.0,0.19,0.563,33.54333,"February 04, 98",0.00563
1998-02-05,33.53,33.81,33.41,33.78,7490600.0,7490600.0,-0.25,-0.746,33.66667,"February 05, 98",-0.00746
1998-02-06,33.78,34.03,33.59,33.59,4298600.0,4298600.0,0.19,0.562,33.73667,"February 06, 98",0.00562
1998-02-09,33.59,33.72,33.5,33.69,3552000.0,3552000.0,-0.1,-0.298,33.63667,"February 09, 98",-0.00298
1998-02-10,33.69,34.19,33.69,33.97,5323400.0,5323400.0,-0.28,-0.831,33.95,"February 10, 98",-0.00831
1998-02-11,33.97,34.44,33.91,34.44,4338000.0,4338000.0,-0.47,-1.384,34.26333,"February 11, 98",-0.01384
1998-02-12,34.44,34.78,33.97,34.63,5871600.0,5871600.0,-0.19,-0.552,34.46,"February 12, 98",-0.00552
1998-02-13,34.59,34.59,34.13,34.28,4396200.0,4396200.0,0.31,0.896,34.33333,"February 13, 98",0.00896
1998-02-17,34.28,34.63,34.09,34.25,4680800.0,4680800.0,0.03,0.088,34.32333,"February 17, 98",0.00088
1998-02-18,34.25,34.91,34.06,34.56,4588800.0,4588800.0,-0.31,-0.905,34.51,"February 18, 98",-0.00905
1998-02-19,34.5,34.5,34.22,34.38,3483200.0,3483200.0,0.12,0.348,34.36667,"February 19, 98",0.00348
1998-02-20,34.38,34.84,34.25,34.78,5884200.0,5884200.0,-0.4,-1.163,34.62333,"February 20, 98",-0.01163
1998-02-23,34.78,34.88,34.31,34.59,4430200.0,4430200.0,0.19,0.546,34.59333,"February 23, 98",0.00546
1998-02-24,34.53,34.53,34.03,34.16,4511200.0,4511200.0,0.37,1.072,34.24,"February 24, 98",0.01072
1998-02-25,34.22,34.53,34.22,34.31,3796400.0,3796400.0,-0.09,-0.263,34.35333,"February 25, 98",-0.00263
1998-02-26,34.31,34.63,34.19,34.44,2958600.0,2958600.0,-0.13,-0.379,34.42,"February 26, 98",-0.00379
1998-02-27,34.44,34.47,34.16,34.31,3544200.0,3544200.0,0.13,0.377,34.31333,"February 27, 98",0.00377
1998-03-02,34.31,34.34,33.97,34.0,5421800.0,5421800.0,0.31,0.904,34.10333,"March 02, 98",0.00904
1998-03-03,34.0,34.13,33.78,34.09,3897800.0,3897800.0,-0.09,-0.265,34.0,"March 03, 98",-0.00265
1998-03-04,34.09,34.38,33.81,34.38,5010400.0,5010400.0,-0.29,-0.851,34.19,"March 04, 98",-0.00851
1998-03-05,34.38,34.91,34.19,34.66,7645400.0,7645400.0,-0.28,-0.814,34.58667,"March 05, 98",-0.00814
1998-03-06,34.78,35.38,34.78,35.25,9568800.0,9568800.0,-0.47,-1.351,35.13667,"March 06, 98",-0.01351
1998-03-09,35.25,36.59,35.25,36.28,9636000.0,9636000.0,-1.03,-2.922,36.04,"March 09, 98",-0.02922
1998-03-10,36.28,36.47,36.28,36.31,5093400.0,5093400.0,-0.03,-0.083,36.35333,"March 10, 98",-0.00083
1998-03-11,36.25,36.25,35.94,36.22,4748400.0,4748400.0,0.03,0.083,36.13667,"March 11, 98",0.00083
1998-03-12,36.22,36.22,35.81,35.81,4878600.0,4878600.0,0.41,1.132,35.94667,"March 12, 98",0.01132
1998-03-13,35.81,36.0,35.19,35.28,4027200.0,4027200.0,0.53,1.48,35.49,"March 13, 98",0.0148
1998-03-16,35.41,36.09,35.41,35.88,4828000.0,4828000.0,-0.47,-1.327,35.79333,"March 16, 98",-0.01327
1998-03-17,35.88,36.22,35.69,36.22,4683000.0,4683000.0,-0.34,-0.948,36.04333,"March 17, 98",-0.00948
1998-03-18,36.22,37.5,36.13,37.41,8973400.0,8973400.0,-1.19,-3.285,37.01333,"March 18, 98",-0.03285
1998-03-19,37.41,37.63,37.13,37.47,5914400.0,5914400.0,-0.06,-0.16,37.41,"March 19, 98",-0.0016
1998-03-20,37.47,38.75,37.47,38.75,10567600.0,10567600.0,-1.28,-3.416,38.32333,"March 20, 98",-0.03416
1998-03-23,38.31,38.31,37.63,37.94,7623200.0,7623200.0,0.37,0.966,37.96,"March 23, 98",0.00966
1998-03-24,37.94,38.38,37.72,38.0,5543200.0,5543200.0,-0.06,-0.158,38.03333,"March 24, 98",-0.00158
1998-03-25,38.0,38.19,37.72,38.09,5285200.0,5285200.0,-0.09,-0.237,38.0,"March 25, 98",-0.00237
1998-03-26,38.09,38.47,37.66,38.22,4528000.0,4528000.0,-0.13,-0.341,38.11667,"March 26, 98",-0.00341
1998-03-27,38.22,38.25,37.44,37.53,5057400.0,5057400.0,0.69,1.805,37.74,"March 27, 98",0.01805
1998-03-30,38.16,39.66,38.16,39.19,10732000.0,10732000.0,-1.03,-2.699,39.00333,"March 30, 98",-0.02699
1998-03-31,39.19,39.34,38.56,38.72,6896200.0,6896200.0,0.47,1.199,38.87333,"March 31, 98",0.01199
1998-04-01,38.72,40.34,38.72,40.31,8855000.0,8855000.0,-1.59,-4.106,39.79,"April 01, 98",-0.04106
1998-04-02,40.31,40.69,39.91,40.56,6690000.0,6690000.0,-0.25,-0.62,40.38667,"April 02, 98",-0.0062
1998-04-03,40.56,40.56,39.91,40.22,6801200.0,6801200.0,0.34,0.838,40.23,"April 03, 98",0.00838
1998-04-06,40.22,40.66,39.63,39.63,7718800.0,7718800.0,0.59,1.467,39.97333,"April 06, 98",0.01467
1998-04-07,39.56,39.56,38.97,39.5,6177200.0,6177200.0,0.06,0.152,39.34333,"April 07, 98",0.00152
1998-04-08,39.5,39.66,38.63,39.03,5503200.0,5503200.0,0.47,1.19,39.10667,"April 08, 98",0.0119
1998-04-09,39.03,39.44,38.91,39.28,3912000.0,3912000.0,-0.25,-0.641,39.21,"April 09, 98",-0.00641
1998-04-13,39.16,39.16,38.44,38.88,5482600.0,5482600.0,0.28,0.715,38.82667,"April 13, 98",0.00715
1998-04-14,38.88,39.0,38.41,38.91,4980600.0,4980600.0,-0.03,-0.077,38.77333,"April 14, 98",-0.00077
1998-04-15,38.91,39.0,37.81,38.34,6630600.0,6630600.0,0.57,1.465,38.38333,"April 15, 98",0.01465
1998-04-16,38.34,38.47,36.94,37.41,7165000.0,7165000.0,0.93,2.426,37.60667,"April 16, 98",0.02426
1998-04-17,37.41,38.5,36.84,38.41,8330600.0,8330600.0,-1.0,-2.673,37.91667,"April 17, 98",-0.02673
1998-04-20,38.41,38.56,37.5,37.66,6923400.0,6923400.0,0.75,1.953,37.90667,"April 20, 98",0.01953
1998-04-21,37.66,37.88,37.09,37.34,5545200.0,5545200.0,0.32,0.85,37.43667,"April 21, 98",0.0085
1998-04-22,37.34,38.25,37.0,37.88,6809400.0,6809400.0,-0.54,-1.446,37.71,"April 22, 98",-0.01446
1998-04-23,37.81,37.81,37.22,37.38,5773000.0,5773000.0,0.43,1.137,37.47,"April 23, 98",0.01137
1998-04-24,37.38,37.47,36.5,36.81,4950200.0,4950200.0,0.57,1.525,36.92667,"April 24, 98",0.01525
1998-04-27,36.72,36.72,35.94,36.19,6224600.0,6224600.0,0.53,1.443,36.28333,"April 27, 98",0.01443
1998-04-28,36.22,37.03,36.22,36.22,5871600.0,5871600.0,0.0,0.0,36.49,"April 28, 98",0.0
1998-04-29,36.31,37.19,36.31,36.84,5490400.0,5490400.0,-0.53,-1.46,36.78,"April 29, 98",-0.0146
1998-04-30,37.09,38.03,37.09,37.94,5719200.0,5719200.0,-0.85,-2.292,37.68667,"April 30, 98",-0.02292
1998-05-01,37.94,38.16,37.53,38.09,4886600.0,4886600.0,-0.15,-0.395,37.92667,"May 01, 98",-0.00395
1998-05-04,38.09,38.41,38.06,38.13,4467400.0,4467400.0,-0.04,-0.105,38.2,"May 04, 98",-0.00105
1998-05-05,38.13,38.13,37.41,38.03,3733400.0,3733400.0,0.1,0.262,37.85667,"May 05, 98",0.00262
1998-05-06,38.03,38.31,37.81,38.0,4714200.0,4714200.0,0.03,0.079,38.04,"May 06, 98",0.00079
1998-05-07,38.0,38.13,37.69,37.84,5112200.0,5112200.0,0.16,0.421,37.88667,"May 07, 98",0.00421
1998-05-08,37.88,38.75,37.88,38.22,5470000.0,5470000.0,-0.34,-0.898,38.28333,"May 08, 98",-0.00898
1998-05-11,38.44,38.97,38.44,38.72,5788400.0,5788400.0,-0.28,-0.728,38.71,"May 11, 98",-0.00728
1998-05-12,38.72,38.94,38.38,38.88,4218400.0,4218400.0,-0.16,-0.413,38.73333,"May 12, 98",-0.00413
1998-05-13,38.88,39.09,38.5,38.63,4853800.0,4853800.0,0.25,0.643,38.74,"May 13, 98",0.00643
1998-05-14,38.63,39.22,38.44,38.88,4586200.0,4586200.0,-0.25,-0.647,38.84667,"May 14, 98",-0.00647
1998-05-15,38.88,39.13,38.38,38.44,5917800.0,5917800.0,0.44,1.132,38.65,"May 15, 98",0.01132
1998-05-18,38.44,38.88,38.44,38.69,4417000.0,4417000.0,-0.25,-0.65,38.67,"May 18, 98",-0.0065
1998-05-19,38.81,39.19,38.81,39.03,4154400.0,4154400.0,-0.22,-0.567,39.01,"May 19, 98",-0.00567
1998-05-20,39.03,39.94,38.91,39.91,5574400.0,5574400.0,-0.88,-2.255,39.58667,"May 20, 98",-0.02255
1998-05-21,39.91,40.47,39.63,39.72,6537400.0,6537400.0,0.19,0.476,39.94,"May 21, 98",0.00476
1998-05-22,39.72,39.88,39.16,39.41,3618600.0,3618600.0,0.31,0.78,39.48333,"May 22, 98",0.0078
1998-05-26,39.41,39.5,38.69,38.69,4409400.0,4409400.0,0.72,1.827,38.96,"May 26, 98",0.01827
1998-05-27,38.69,39.13,38.25,39.13,6239800.0,6239800.0,-0.44,-1.137,38.83667,"May 27, 98",-0.01137
1998-05-28,39.13,39.59,38.88,39.47,4448800.0,4448800.0,-0.34,-0.869,39.31333,"May 28, 98",-0.00869
1998-05-29,39.47,39.84,39.19,39.19,5249000.0,5249000.0,0.28,0.709,39.40667,"May 29, 98",0.00709
1998-06-01,39.22,39.88,39.22,39.75,4791800.0,4791800.0,-0.53,-1.351,39.61667,"June 01, 98",-0.01351
1998-06-02,39.75,40.09,39.59,39.81,6249600.0,6249600.0,-0.06,-0.151,39.83,"June 02, 98",-0.00151
1998-06-03,39.81,39.97,39.63,39.72,4311200.0,4311200.0,0.09,0.226,39.77333,"June 03, 98",0.00226
1998-06-04,39.72,40.19,39.31,40.09,5252800.0,5252800.0,-0.37,-0.932,39.86333,"June 04, 98",-0.00932
1998-06-05,40.09,41.03,40.03,41.03,6399000.0,6399000.0,-0.94,-2.345,40.69667,"June 05, 98",-0.02345
1998-06-08,41.03,41.38,40.41,40.53,5750800.0,5750800.0,0.5,1.219,40.77333,"June 08, 98",0.01219
1998-06-09,40.53,41.22,40.38,40.81,4434600.0,4434600.0,-0.28,-0.691,40.80333,"June 09, 98",-0.00691
1998-06-10,40.81,41.13,40.41,40.63,4824600.0,4824600.0,0.18,0.441,40.72333,"June 10, 98",0.00441
1998-06-11,40.63,40.66,39.78,39.84,4921800.0,4921800.0,0.79,1.944,40.09333,"June 11, 98",0.01944
1998-06-12,39.84,40.5,39.63,40.34,6615600.0,6615600.0,-0.5,-1.255,40.15667,"June 12, 98",-0.01255
1998-06-15,40.34,40.59,39.66,39.66,7135400.0,7135400.0,0.68,1.686,39.97,"June 15, 98",0.01686
1998-06-16,39.56,39.56,38.88,39.5,8235400.0,8235400.0,0.06,0.152,39.31333,"June 16, 98",0.00152
1998-06-17,39.5,40.84,39.44,40.16,9051800.0,9051800.0,-0.66,-1.671,40.14667,"June 17, 98",-0.01671
1998-06-18,40.16,40.81,40.06,40.69,5445800.0,5445800.0,-0.53,-1.32,40.52,"June 18, 98",-0.0132
1998-06-19,40.69,40.84,39.97,40.19,9234000.0,9234000.0,0.5,1.229,40.33333,"June 19, 98",0.01229
1998-06-22,40.19,40.94,40.09,40.56,4806400.0,4806400.0,-0.37,-0.921,40.53,"June 22, 98",-0.00921
1998-06-23,40.56,41.38,40.41,41.28,6769400.0,6769400.0,-0.72,-1.775,41.02333,"June 23, 98",-0.01775
1998-06-24,41.28,42.19,41.0,42.06,6937600.0,6937600.0,-0.78,-1.89,41.75,"June 24, 98",-0.0189
1998-06-25,42.06,43.25,41.91,42.44,9885000.0,9885000.0,-0.38,-0.903,42.53333,"June 25, 98",-0.00903
1998-06-26,42.44,43.09,42.38,42.91,8196000.0,8196000.0,-0.47,-1.107,42.79333,"June 26, 98",-0.01107
1998-06-29,42.97,43.41,42.97,43.0,5139000.0,5139000.0,-0.03,-0.07,43.12667,"June 29, 98",-0.0007
1998-06-30,43.0,43.09,42.53,42.75,5523000.0,5523000.0,0.25,0.581,42.79,"June 30, 98",0.00581
1998-07-01,42.75,42.91,42.38,42.88,4725000.0,4725000.0,-0.13,-0.304,42.72333,"July 01, 98",-0.00304
1998-07-02,42.78,42.78,42.53,42.69,3156400.0,3156400.0,0.09,0.21,42.66667,"July 02, 98",0.0021
1998-07-06,42.69,43.56,42.5,43.38,4839200.0,4839200.0,-0.69,-1.616,43.14667,"July 06, 98",-0.01616
1998-07-07,43.38,43.81,42.88,42.97,5350400.0,5350400.0,0.41,0.945,43.22,"July 07, 98",0.00945
1998-07-08,42.97,43.69,42.84,43.59,3905800.0,3905800.0,-0.62,-1.443,43.37333,"July 08, 98",-0.01443
1998-07-09,43.59,43.66,42.75,43.34,5358600.0,5358600.0,0.25,0.574,43.25,"July 09, 98",0.00574
1998-07-10,43.34,43.97,43.09,43.59,4149800.0,4149800.0,-0.25,-0.577,43.55,"July 10, 98",-0.00577
1998-07-13,43.59,43.88,43.16,43.44,4086800.0,4086800.0,0.15,0.344,43.49333,"July 13, 98",0.00344
1998-07-14,43.44,44.06,43.34,43.97,4133400.0,4133400.0,-0.53,-1.22,43.79,"July 14, 98",-0.0122
1998-07-15,43.97,44.47,43.84,43.91,4610600.0,4610600.0,0.06,0.136,44.07333,"July 15, 98",0.00136
1998-07-16,43.75,43.75,43.0,43.59,7432400.0,7432400.0,0.16,0.366,43.44667,"July 16, 98",0.00366
1998-07-17,43.5,43.5,43.03,43.06,4504600.0,4504600.0,0.44,1.011,43.19667,"July 17, 98",0.01011
1998-07-20,43.06,43.06,42.09,42.28,4772200.0,4772200.0,0.78,1.811,42.47667,"July 20, 98",0.01811
1998-07-21,42.28,42.5,42.06,42.13,5066000.0,5066000.0,0.15,0.355,42.23,"July 21, 98",0.00355
1998-07-22,42.13,42.22,41.75,41.94,6065000.0,6065000.0,0.19,0.451,41.97,"July 22, 98",0.00451
1998-07-23,41.94,42.31,41.5,41.5,5557200.0,5557200.0,0.44,1.049,41.77,"July 23, 98",0.01049
1998-07-24,41.5,42.13,41.41,41.72,5388400.0,5388400.0,-0.22,-0.53,41.75333,"July 24, 98",-0.0053
1998-07-27,41.72,42.88,41.25,42.47,5778200.0,5778200.0,-0.75,-1.798,42.2,"July 27, 98",-0.01798
1998-07-28,42.19,42.19,41.03,41.69,7995600.0,7995600.0,0.5,1.185,41.63667,"July 28, 98",0.01185
1998-07-29,41.69,41.81,40.53,40.94,5920800.0,5920800.0,0.75,1.799,41.09333,"July 29, 98",0.01799
1998-07-30,41.06,42.0,41.06,41.38,5448400.0,5448400.0,-0.32,-0.779,41.48,"July 30, 98",-0.00779
1998-07-31,41.38,41.59,39.69,40.25,7155400.0,7155400.0,1.13,2.731,40.51,"July 31, 98",0.02731
1998-08-03,40.25,41.81,40.25,41.06,7708600.0,7708600.0,-0.81,-2.012,41.04,"August 03, 98",-0.02012
1998-08-04,41.03,41.03,39.31,39.31,10426400.0,10426400.0,1.72,4.192,39.88333,"August 04, 98",0.04192
1998-08-05,39.31,40.63,38.81,40.19,10670800.0,10670800.0,-0.88,-2.239,39.87667,"August 05, 98",-0.02239
1998-08-06,40.19,41.09,39.94,40.81,7165400.0,7165400.0,-0.62,-1.543,40.61333,"August 06, 98",-0.01543
1998-08-07,40.81,40.97,39.63,40.22,7050600.0,7050600.0,0.59,1.446,40.27333,"August 07, 98",0.01446
1998-08-10,40.22,40.81,39.81,40.06,5342400.0,5342400.0,0.16,0.398,40.22667,"August 10, 98",0.00398
1998-08-11,39.81,39.81,39.13,39.75,9676400.0,9676400.0,0.06,0.151,39.56333,"August 11, 98",0.00151
1998-08-12,39.75,39.97,39.22,39.84,7563600.0,7563600.0,-0.09,-0.226,39.67667,"August 12, 98",-0.00226
1998-08-13,39.84,39.91,38.94,39.38,7293000.0,7293000.0,0.46,1.155,39.41,"August 13, 98",0.01155
1998-08-14,39.38,39.59,37.78,38.41,8536600.0,8536600.0,0.97,2.463,38.59333,"August 14, 98",0.02463
1998-08-17,38.41,39.69,37.88,39.53,6840800.0,6840800.0,-1.12,-2.916,39.03333,"August 17, 98",-0.02916
1998-08-18,39.53,39.72,39.06,39.53,6955000.0,6955000.0,0.0,0.0,39.43667,"August 18, 98",0.0
1998-08-19,39.53,39.53,39.03,39.34,6990000.0,6990000.0,0.19,0.481,39.3,"August 19, 98",0.00481
1998-08-20,39.34,40.06,39.09,39.72,6390800.0,6390800.0,-0.38,-0.966,39.62333,"August 20, 98",-0.00966
1998-08-21,39.72,39.81,38.41,39.66,9367000.0,9367000.0,0.06,0.151,39.29333,"August 21, 98",0.00151
1998-08-24,39.69,40.16,39.69,39.81,7309600.0,7309600.0,-0.12,-0.302,39.88667,"August 24, 98",-0.00302
1998-08-25,39.81,40.72,39.56,40.06,8049000.0,8049000.0,-0.25,-0.628,40.11333,"August 25, 98",-0.00628
1998-08-26,40.06,40.09,39.16,39.59,7588200.0,7588200.0,0.47,1.173,39.61333,"August 26, 98",0.01173
1998-08-27,38.34,38.34,37.31,37.38,14306800.0,14306800.0,0.96,2.504,37.67667,"August 27, 98",0.02504
1998-08-28,37.38,37.59,36.03,36.38,11394400.0,11394400.0,1.0,2.675,36.66667,"August 28, 98",0.02675
1998-08-31,36.38,36.63,32.53,32.56,17622600.0,17622600.0,3.82,10.5,33.90667,"August 31, 98",0.105
1998-09-01,32.88,34.94,32.88,34.13,21049400.0,21049400.0,-1.25,-3.802,33.98333,"September 01, 98",-0.03802
1998-09-02,34.13,34.31,32.06,32.13,13993000.0,13993000.0,2.0,5.86,32.83333,"September 02, 98",0.0586
1998-09-03,31.56,31.56,30.41,30.97,16590400.0,16590400.0,0.59,1.869,30.98,"September 03, 98",0.01869
1998-09-04,30.97,31.81,29.94,31.06,11775400.0,11775400.0,-0.09,-0.291,30.93667,"September 04, 98",-0.00291
1998-09-08,31.06,32.5,30.97,31.75,12435000.0,12435000.0,-0.69,-2.222,31.74,"September 08, 98",-0.02222
1998-09-09,31.75,32.44,31.31,31.31,9759000.0,9759000.0,0.44,1.386,31.68667,"September 09, 98",0.01386
1998-09-10,30.75,30.75,30.09,30.44,8980000.0,8980000.0,0.31,1.008,30.42667,"September 10, 98",0.01008
1998-09-11,30.44,31.5,30.03,31.22,10586400.0,10586400.0,-0.78,-2.562,30.91667,"September 11, 98",-0.02562
1998-09-14,31.53,32.34,31.53,31.66,9153400.0,9153400.0,-0.13,-0.412,31.84333,"September 14, 98",-0.00412
1998-09-15,31.44,31.44,30.31,30.59,9017400.0,9017400.0,0.85,2.704,30.78,"September 15, 98",0.02704
1998-09-16,30.59,31.25,30.25,31.22,11189800.0,11189800.0,-0.63,-2.059,30.90667,"September 16, 98",-0.02059
1998-09-17,30.88,30.88,30.09,30.41,8112600.0,8112600.0,0.47,1.522,30.46,"September 17, 98",0.01522
1998-09-18,30.41,30.84,30.06,30.69,11760200.0,11760200.0,-0.28,-0.921,30.53,"September 18, 98",-0.00921
1998-09-21,30.47,30.47,29.53,29.59,9576600.0,9576600.0,0.88,2.888,29.86333,"September 21, 98",0.02888
1998-09-22,29.59,30.0,28.0,28.19,18296200.0,18296200.0,1.4,4.731,28.73,"September 22, 98",0.04731
1998-09-23,28.31,29.84,28.31,29.0,19143800.0,19143800.0,-0.69,-2.437,29.05,"September 23, 98",-0.02437
1998-09-24,29.0,29.13,27.81,28.34,13441200.0,13441200.0,0.66,2.276,28.42667,"September 24, 98",0.02276
1998-09-25,28.31,28.31,26.81,28.09,22417400.0,22417400.0,0.22,0.777,27.73667,"September 25, 98",0.00777
1998-09-28,28.09,28.75,27.88,28.63,10600400.0,10600400.0,-0.54,-1.922,28.42,"September 28, 98",-0.01922
1998-09-29,28.72,29.69,28.72,29.34,11792600.0,11792600.0,-0.62,-2.159,29.25,"September 29, 98",-0.02159
1998-09-30,29.34,29.38,28.66,28.81,8855600.0,8855600.0,0.53,1.806,28.95,"September 30, 98",0.01806
1998-10-01,28.56,28.56,27.69,28.13,10727400.0,10727400.0,0.43,1.506,28.12667,"October 01, 98",0.01506
1998-10-02,28.13,29.75,27.78,29.47,9135000.0,9135000.0,-1.34,-4.764,29.0,"October 02, 98",-0.04764
1998-10-05,29.47,31.13,29.28,30.72,13577600.0,13577600.0,-1.25,-4.242,30.37667,"October 05, 98",-0.04242
1998-10-06,30.72,32.03,30.63,31.41,11782600.0,11782600.0,-0.69,-2.246,31.35667,"October 06, 98",-0.02246
1998-10-07,31.41,32.41,31.13,31.66,14195000.0,14195000.0,-0.25,-0.796,31.73333,"October 07, 98",-0.00796
1998-10-08,31.66,32.81,31.31,32.25,19223400.0,19223400.0,-0.59,-1.864,32.12333,"October 08, 98",-0.01864
1998-10-09,32.25,32.69,31.38,31.91,12344200.0,12344200.0,0.34,1.054,31.99333,"October 09, 98",0.01054
1998-10-12,31.91,32.44,31.28,31.34,6925600.0,6925600.0,0.57,1.786,31.68667,"October 12, 98",0.01786
1998-10-13,31.34,32.28,31.25,32.0,6529800.0,6529800.0,-0.66,-2.106,31.84333,"October 13, 98",-0.02106
1998-10-14,32.0,32.88,31.66,32.19,7365000.0,7365000.0,-0.19,-0.594,32.24333,"October 14, 98",-0.00594
1998-10-15,32.19,34.06,31.81,33.75,9293400.0,9293400.0,-1.56,-4.846,33.20667,"October 15, 98",-0.04846
1998-10-16,33.78,34.72,33.78,34.59,12202000.0,12202000.0,-0.81,-2.398,34.36333,"October 16, 98",-0.02398
1998-10-19,34.59,34.66,34.16,34.19,5674200.0,5674200.0,0.4,1.156,34.33667,"October 19, 98",0.01156
1998-10-20,34.19,35.03,33.47,33.53,9094600.0,9094600.0,0.66,1.93,34.01,"October 20, 98",0.0193
1998-10-21,33.53,33.84,33.25,33.5,6495200.0,6495200.0,0.03,0.089,33.53,"October 21, 98",0.00089
1998-10-22,33.5,34.81,33.13,34.56,5868600.0,5868600.0,-1.06,-3.164,34.16667,"October 22, 98",-0.03164
1998-10-23,34.56,35.13,34.41,35.13,5981000.0,5981000.0,-0.57,-1.649,34.89,"October 23, 98",-0.01649
1998-10-26,35.13,35.31,34.59,34.94,5451200.0,5451200.0,0.19,0.541,34.94667,"October 26, 98",0.00541
1998-10-27,34.94,35.28,33.81,34.0,5916400.0,5916400.0,0.94,2.69,34.36333,"October 27, 98",0.0269
1998-10-28,34.0,34.31,33.75,33.78,4026400.0,4026400.0,0.22,0.647,33.94667,"October 28, 98",0.00647
1998-10-29,33.78,33.97,32.94,33.91,7195600.0,7195600.0,-0.13,-0.385,33.60667,"October 29, 98",-0.00385
1998-10-30,33.91,34.25,33.34,33.78,6692400.0,6692400.0,0.13,0.383,33.79,"October 30, 98",0.00383
1998-11-02,34.03,35.75,34.03,35.5,9283200.0,9283200.0,-1.47,-4.32,35.09333,"November 02, 98",-0.0432
1998-11-03,35.5,36.88,35.19,36.47,8025800.0,8025800.0,-0.97,-2.732,36.18,"November 03, 98",-0.02732
1998-11-04,36.47,36.72,35.63,36.06,7711200.0,7711200.0,0.41,1.124,36.13667,"November 04, 98",0.01124
1998-11-05,36.06,36.38,35.19,36.34,6525200.0,6525200.0,-0.28,-0.776,35.97,"November 05, 98",-0.00776
1998-11-06,36.34,36.44,35.84,36.31,4482200.0,4482200.0,0.03,0.083,36.19667,"November 06, 98",0.00083
1998-11-09,36.28,36.28,35.31,35.78,5172600.0,5172600.0,0.5,1.378,35.79,"November 09, 98",0.01378
1998-11-10,35.78,36.28,35.38,36.06,4875200.0,4875200.0,-0.28,-0.783,35.90667,"November 10, 98",-0.00783
1998-11-11,35.81,35.81,35.0,35.69,4811800.0,4811800.0,0.12,0.335,35.5,"November 11, 98",0.00335
1998-11-12,35.47,35.47,35.09,35.28,3060800.0,3060800.0,0.19,0.536,35.28,"November 12, 98",0.00536
1998-11-13,35.28,35.44,34.66,34.88,4091800.0,4091800.0,0.4,1.134,34.99333,"November 13, 98",0.01134
1998-11-16,34.88,35.22,34.31,35.0,5620600.0,5620600.0,-0.12,-0.344,34.84333,"November 16, 98",-0.00344
1998-11-17,35.03,35.97,35.03,35.09,5343400.0,5343400.0,-0.06,-0.171,35.36333,"November 17, 98",-0.00171
1998-11-18,35.09,35.5,34.81,35.47,4803200.0,4803200.0,-0.38,-1.083,35.26,"November 18, 98",-0.01083
1998-11-19,35.47,36.16,35.44,35.69,5638400.0,5638400.0,-0.22,-0.62,35.76333,"November 19, 98",-0.0062
1998-11-20,35.81,36.44,35.81,36.41,7155000.0,7155000.0,-0.6,-1.676,36.22,"November 20, 98",-0.01676
1998-11-23,36.44,37.72,36.44,37.72,7152400.0,7152400.0,-1.28,-3.513,37.29333,"November 23, 98",-0.03513
1998-11-24,37.66,37.66,36.59,36.75,5388600.0,5388600.0,0.91,2.416,37.0,"November 24, 98",0.02416
1998-11-25,36.75,37.06,36.44,36.66,3677600.0,3677600.0,0.09,0.245,36.72,"November 25, 98",0.00245
1998-11-27,36.44,36.44,35.78,35.84,2473200.0,2473200.0,0.6,1.647,36.02,"November 27, 98",0.01647
1998-11-30,35.63,35.63,34.88,35.03,5605600.0,5605600.0,0.6,1.684,35.18,"November 30, 98",0.01684
1998-12-01,35.03,35.25,34.56,34.94,5802800.0,5802800.0,0.09,0.257,34.91667,"December 01, 98",0.00257
1998-12-02,34.88,34.88,34.25,34.78,4906600.0,4906600.0,0.1,0.287,34.63667,"December 02, 98",0.00287
1998-12-03,34.63,34.63,34.06,34.06,5482600.0,5482600.0,0.57,1.646,34.25,"December 03, 98",0.01646
1998-12-04,34.19,34.91,34.19,34.5,4587800.0,4587800.0,-0.31,-0.907,34.53333,"December 04, 98",-0.00907
1998-12-07,34.5,34.53,33.88,34.31,4261200.0,4261200.0,0.19,0.551,34.24,"December 07, 98",0.00551
1998-12-08,34.31,34.31,33.53,34.31,5514400.0,5514400.0,0.0,0.0,34.05,"December 08, 98",0.0
1998-12-09,33.81,33.81,32.81,33.56,9133600.0,9133600.0,0.25,0.739,33.39333,"December 09, 98",0.00739
1998-12-10,33.44,33.44,32.66,33.03,7677400.0,7677400.0,0.41,1.226,33.04333,"December 10, 98",0.01226
1998-12-11,32.13,32.13,30.97,31.44,20779000.0,20779000.0,0.69,2.148,31.51333,"December 11, 98",0.02148
1998-12-14,31.44,32.09,31.16,31.72,12979600.0,12979600.0,-0.28,-0.891,31.65667,"December 14, 98",-0.00891
1998-12-15,31.94,32.97,31.94,32.97,8851200.0,8851200.0,-1.03,-3.225,32.62667,"December 15, 98",-0.03225
1998-12-16,32.97,33.41,32.28,32.44,7611800.0,7611800.0,0.53,1.608,32.71,"December 16, 98",0.01608
1998-12-17,32.44,32.94,32.22,32.38,5113400.0,5113400.0,0.06,0.185,32.51333,"December 17, 98",0.00185
1998-12-18,32.38,32.81,32.34,32.78,9373800.0,9373800.0,-0.4,-1.235,32.64333,"December 18, 98",-0.01235
1998-12-21,32.78,33.53,32.78,32.88,7210800.0,7210800.0,-0.1,-0.305,33.06333,"December 21, 98",-0.00305
1998-12-22,32.88,34.09,32.5,33.72,7083000.0,7083000.0,-0.84,-2.555,33.43667,"December 22, 98",-0.02555
1998-12-23,33.81,35.16,33.81,34.97,6984000.0,6984000.0,-1.16,-3.431,34.64667,"December 23, 98",-0.03431
1998-12-24,34.97,35.06,34.72,34.72,2035000.0,2035000.0,0.25,0.715,34.83333,"December 24, 98",0.00715
1998-12-28,34.72,34.97,33.88,34.44,3217400.0,3217400.0,0.28,0.806,34.43,"December 28, 98",0.00806
1998-12-29,34.44,34.94,34.28,34.66,4220600.0,4220600.0,-0.22,-0.639,34.62667,"December 29, 98",-0.00639
1998-12-30,34.66,34.84,33.91,33.91,4415400.0,4415400.0,0.75,2.164,34.22,"December 30, 98",0.02164
1998-12-31,33.91,33.91,33.03,33.5,5425000.0,5425000.0,0.41,1.209,33.48,"December 31, 98",0.01209
1999-01-04,33.5,34.44,33.06,33.59,7358200.0,7358200.0,-0.09,-0.269,33.69667,"January 04, 99",-0.00269
1999-01-05,33.59,34.44,33.38,34.28,6733800.0,6733800.0,-0.69,-2.054,34.03333,"January 05, 99",-0.02054
1999-01-06,34.28,35.19,34.0,35.13,9957800.0,9957800.0,-0.85,-2.48,34.77333,"January 06, 99",-0.0248
1999-01-07,35.0,35.0,34.13,34.72,6032000.0,6032000.0,0.28,0.8,34.61667,"January 07, 99",0.008
1999-01-08,34.69,34.69,33.41,34.0,8961600.0,8961600.0,0.69,1.989,34.03333,"January 08, 99",0.01989
1999-01-11,33.56,33.56,32.63,33.03,10087600.0,10087600.0,0.53,1.579,33.07333,"January 11, 99",0.01579
1999-01-12,33.03,33.28,32.63,32.72,8370000.0,8370000.0,0.31,0.939,32.87667,"January 12, 99",0.00939
1999-01-13,32.72,32.78,31.81,32.59,8561400.0,8561400.0,0.13,0.397,32.39333,"January 13, 99",0.00397
1999-01-14,32.53,32.53,31.38,31.75,10179400.0,10179400.0,0.78,2.398,31.88667,"January 14, 99",0.02398
1999-01-15,31.78,32.5,31.78,32.41,9702600.0,9702600.0,-0.63,-1.982,32.23,"January 15, 99",-0.01982
1999-01-19,32.41,32.53,31.38,32.06,8228400.0,8228400.0,0.35,1.08,31.99,"January 19, 99",0.0108
1999-01-20,32.06,32.09,31.5,31.72,7395200.0,7395200.0,0.34,1.061,31.77,"January 20, 99",0.01061
1999-01-21,31.59,31.59,30.47,30.78,12716600.0,12716600.0,0.81,2.564,30.94667,"January 21, 99",0.02564
1999-01-22,30.72,30.72,29.78,30.44,15610600.0,15610600.0,0.28,0.911,30.31333,"January 22, 99",0.00911
1999-01-25,30.44,31.5,30.03,31.47,10226800.0,10226800.0,-1.03,-3.384,31.0,"January 25, 99",-0.03384
1999-01-26,31.47,31.63,30.03,31.28,11162000.0,11162000.0,0.19,0.604,30.98,"January 26, 99",0.00604
1999-01-27,31.28,32.38,30.78,31.97,9598600.0,9598600.0,-0.69,-2.206,31.71,"January 27, 99",-0.02206
1999-01-28,31.97,32.84,31.78,32.56,10326600.0,10326600.0,-0.59,-1.845,32.39333,"January 28, 99",-0.01845
1999-01-29,32.56,32.94,32.25,32.66,8236000.0,8236000.0,-0.1,-0.307,32.61667,"January 29, 99",-0.00307
1999-02-01,32.66,32.91,32.0,32.0,7864400.0,7864400.0,0.66,2.021,32.30333,"February 01, 99",0.02021
1999-02-02,32.0,32.63,31.59,32.63,8544600.0,8544600.0,-0.63,-1.969,32.28333,"February 02, 99",-0.01969
1999-02-03,32.63,32.94,32.06,32.25,8492600.0,8492600.0,0.38,1.165,32.41667,"February 03, 99",0.01165
1999-02-04,32.09,32.09,31.31,31.78,8295600.0,8295600.0,0.31,0.966,31.72667,"February 04, 99",0.00966
1999-02-05,31.78,31.97,30.91,31.03,6035000.0,6035000.0,0.75,2.36,31.30333,"February 05, 99",0.0236
1999-02-08,31.03,31.31,30.66,30.75,5983000.0,5983000.0,0.28,0.902,30.90667,"February 08, 99",0.00902
1999-02-09,30.75,31.69,30.66,30.97,8243600.0,8243600.0,-0.22,-0.715,31.10667,"February 09, 99",-0.00715
1999-02-10,31.0,31.81,31.0,31.81,5970200.0,5970200.0,-0.81,-2.613,31.54,"February 10, 99",-0.02613
1999-02-11,31.81,32.44,31.44,32.19,5863800.0,5863800.0,-0.38,-1.195,32.02333,"February 11, 99",-0.01195
1999-02-12,32.19,32.47,31.34,31.94,5048600.0,5048600.0,0.25,0.777,31.91667,"February 12, 99",0.00777
1999-02-16,32.03,32.5,32.03,32.44,5821800.0,5821800.0,-0.41,-1.28,32.32333,"February 16, 99",-0.0128
1999-02-17,32.44,32.63,31.75,32.16,6282000.0,6282000.0,0.28,0.863,32.18,"February 17, 99",0.00863
1999-02-18,32.16,32.66,31.97,32.31,5313800.0,5313800.0,-0.15,-0.466,32.31333,"February 18, 99",-0.00466
1999-02-19,32.31,32.94,32.03,32.88,9922600.0,9922600.0,-0.57,-1.764,32.61667,"February 19, 99",-0.01764
1999-02-22,32.69,32.69,32.19,32.22,9985600.0,9985600.0,0.47,1.438,32.36667,"February 22, 99",0.01438
1999-02-23,32.19,32.19,31.03,31.38,10619200.0,10619200.0,0.81,2.516,31.53333,"February 23, 99",0.02516
1999-02-24,31.38,32.34,31.38,31.41,8784400.0,8784400.0,-0.03,-0.096,31.71,"February 24, 99",-0.00096
1999-02-25,31.41,32.25,31.28,32.13,8244400.0,8244400.0,-0.72,-2.292,31.88667,"February 25, 99",-0.02292
1999-02-26,32.13,32.44,31.34,31.94,8363200.0,8363200.0,0.19,0.591,31.90667,"February 26, 99",0.00591
1999-03-01,31.94,31.97,31.31,31.84,5425000.0,5425000.0,0.1,0.313,31.70667,"March 01, 99",0.00313
1999-03-02,31.75,31.75,30.63,31.06,9608200.0,9608200.0,0.69,2.173,31.14667,"March 02, 99",0.02173
1999-03-03,31.06,31.06,30.41,30.81,6140200.0,6140200.0,0.25,0.805,30.76,"March 03, 99",0.00805
1999-03-04,30.81,31.66,30.81,31.47,8276200.0,8276200.0,-0.66,-2.142,31.31333,"March 04, 99",-0.02142
1999-03-05,31.53,32.16,31.53,31.97,8542800.0,8542800.0,-0.44,-1.395,31.88667,"March 05, 99",-0.01395
1999-03-08,31.97,32.0,31.53,32.0,6003800.0,6003800.0,-0.03,-0.094,31.84333,"March 08, 99",-0.00094
1999-03-09,32.0,32.06,31.41,31.5,6796200.0,6796200.0,0.5,1.563,31.65667,"March 09, 99",0.01563
1999-03-10,31.5,31.69,31.09,31.44,6008800.0,6008800.0,0.06,0.19,31.40667,"March 10, 99",0.0019
1999-03-11,31.88,33.31,31.88,33.19,17270800.0,17270800.0,-1.31,-4.109,32.79333,"March 11, 99",-0.04109
1999-03-12,33.53,34.97,33.53,34.72,16184600.0,16184600.0,-1.19,-3.549,34.40667,"March 12, 99",-0.03549
1999-03-15,34.72,34.72,34.13,34.34,8657200.0,8657200.0,0.38,1.094,34.39667,"March 15, 99",0.01094
1999-03-16,34.34,34.75,34.06,34.34,6542600.0,6542600.0,0.0,0.0,34.38333,"March 16, 99",0.0
1999-03-17,34.34,34.47,33.31,33.41,6938800.0,6938800.0,0.93,2.708,33.73,"March 17, 99",0.02708
1999-03-18,33.41,34.28,33.41,34.13,8341800.0,8341800.0,-0.72,-2.155,33.94,"March 18, 99",-0.02155
1999-03-19,34.13,34.44,33.75,33.75,8632800.0,8632800.0,0.38,1.113,33.98,"March 19, 99",0.01113
1999-03-22,33.75,34.19,33.63,33.84,5739800.0,5739800.0,-0.09,-0.267,33.88667,"March 22, 99",-0.00267
1999-03-23,33.25,33.25,32.41,32.94,12744000.0,12744000.0,0.31,0.932,32.86667,"March 23, 99",0.00932
1999-03-24,32.94,33.09,32.34,32.69,6156600.0,6156600.0,0.25,0.759,32.70667,"March 24, 99",0.00759
1999-03-25,32.69,33.09,32.47,32.94,5522000.0,5522000.0,-0.25,-0.765,32.83333,"March 25, 99",-0.00765
1999-03-26,32.66,32.66,31.91,32.66,7042800.0,7042800.0,0.0,0.0,32.41,"March 26, 99",0.0
1999-03-29,32.66,33.94,32.31,32.41,7931400.0,7931400.0,0.25,0.765,32.88667,"March 29, 99",0.00765
1999-03-30,31.72,31.72,30.69,31.63,21393400.0,21393400.0,0.09,0.284,31.34667,"March 30, 99",0.00284
1999-03-31,31.56,31.56,30.41,30.69,13089800.0,13089800.0,0.87,2.757,30.88667,"March 31, 99",0.02757
1999-04-01,30.69,30.84,30.03,30.47,9611200.0,9611200.0,0.22,0.717,30.44667,"April 01, 99",0.00717
1999-04-05,30.47,30.59,30.06,30.25,8302400.0,8302400.0,0.22,0.722,30.3,"April 05, 99",0.00722
1999-04-06,30.25,30.38,29.81,29.91,10912000.0,10912000.0,0.34,1.124,30.03333,"April 06, 99",0.01124
1999-04-07,29.84,29.84,28.81,29.47,15249200.0,15249200.0,0.37,1.24,29.37333,"April 07, 99",0.0124
1999-04-08,29.47,30.63,29.47,30.44,13011600.0,13011600.0,-0.97,-3.291,30.18,"April 08, 99",-0.03291
1999-04-09,30.44,30.72,29.91,30.38,8467400.0,8467400.0,0.06,0.197,30.33667,"April 09, 99",0.00197
1999-04-12,30.38,31.0,29.91,30.94,9582000.0,9582000.0,-0.56,-1.843,30.61667,"April 12, 99",-0.01843
1999-04-13,31.5,32.38,31.5,31.66,11245000.0,11245000.0,-0.16,-0.508,31.84667,"April 13, 99",-0.00508
1999-04-14,31.66,31.88,31.25,31.72,8003000.0,8003000.0,-0.06,-0.19,31.61667,"April 14, 99",-0.0019
1999-04-15,31.72,32.25,31.72,32.13,8768000.0,8768000.0,-0.41,-1.293,32.03333,"April 15, 99",-0.01293
1999-04-16,32.13,32.88,31.75,32.84,9169600.0,9169600.0,-0.71,-2.21,32.49,"April 16, 99",-0.0221
1999-04-19,32.84,33.53,32.03,32.47,12480200.0,12480200.0,0.37,1.127,32.67667,"April 19, 99",0.01127
1999-04-20,32.47,32.75,31.81,32.63,6711400.0,6711400.0,-0.16,-0.493,32.39667,"April 20, 99",-0.00493
1999-04-21,32.75,34.06,32.75,33.78,13177000.0,13177000.0,-1.03,-3.145,33.53,"April 21, 99",-0.03145
1999-04-22,33.78,33.94,33.13,33.25,9231800.0,9231800.0,0.53,1.569,33.44,"April 22, 99",0.01569
1999-04-23,33.25,33.88,33.0,33.25,5469600.0,5469600.0,0.0,0.0,33.37667,"April 23, 99",0.0
1999-04-26,33.25,33.69,32.66,33.56,4614600.0,4614600.0,-0.31,-0.932,33.30333,"April 26, 99",-0.00932
1999-04-27,33.66,34.72,33.66,34.72,9852200.0,9852200.0,-1.06,-3.149,34.36667,"April 27, 99",-0.03149
1999-04-28,34.53,34.53,33.88,33.97,5784400.0,5784400.0,0.56,1.622,34.12667,"April 28, 99",0.01622
1999-04-29,33.97,34.31,33.69,33.91,5667600.0,5667600.0,0.06,0.177,33.97,"April 29, 99",0.00177
1999-04-30,33.91,34.41,33.44,34.03,7045400.0,7045400.0,-0.12,-0.354,33.96,"April 30, 99",-0.00354
1999-05-03,34.03,34.59,33.63,34.5,5654800.0,5654800.0,-0.47,-1.381,34.24,"May 03, 99",-0.01381
1999-05-04,34.5,34.5,33.81,34.34,5216800.0,5216800.0,0.16,0.464,34.21667,"May 04, 99",0.00464
1999-05-05,34.34,35.38,34.06,35.25,10742800.0,10742800.0,-0.91,-2.65,34.89667,"May 05, 99",-0.0265
1999-05-06,35.25,35.44,34.25,34.56,8282800.0,8282800.0,0.69,1.957,34.75,"May 06, 99",0.01957
1999-05-07,34.53,34.53,33.78,33.88,5550200.0,5550200.0,0.65,1.882,34.06333,"May 07, 99",0.01882
1999-05-10,33.88,34.09,33.25,33.53,6254400.0,6254400.0,0.35,1.033,33.62333,"May 10, 99",0.01033
1999-05-11,33.53,33.75,32.81,33.47,5540600.0,5540600.0,0.06,0.179,33.34333,"May 11, 99",0.00179
1999-05-12,33.44,33.44,32.38,33.22,5440200.0,5440200.0,0.22,0.658,33.01333,"May 12, 99",0.00658
1999-05-13,33.19,33.19,32.72,32.88,6660000.0,6660000.0,0.31,0.934,32.93,"May 13, 99",0.00934
1999-05-14,32.88,32.94,32.16,32.63,5762400.0,5762400.0,0.25,0.76,32.57667,"May 14, 99",0.0076
1999-05-17,32.63,33.63,32.56,33.56,6298000.0,6298000.0,-0.93,-2.85,33.25,"May 17, 99",-0.0285
1999-05-18,33.91,34.53,33.91,34.38,10695000.0,10695000.0,-0.47,-1.386,34.27333,"May 18, 99",-0.01386
1999-05-19,34.38,34.38,33.75,34.22,5608400.0,5608400.0,0.16,0.465,34.11667,"May 19, 99",0.00465
1999-05-20,34.22,34.22,33.78,33.97,4121600.0,4121600.0,0.25,0.731,33.99,"May 20, 99",0.00731
1999-05-21,33.97,34.63,33.81,34.0,6302200.0,6302200.0,-0.03,-0.088,34.14667,"May 21, 99",-0.00088
1999-05-24,34.0,34.22,33.25,33.41,5638400.0,5638400.0,0.59,1.735,33.62667,"May 24, 99",0.01735
1999-05-25,33.41,34.41,33.34,33.5,8837600.0,8837600.0,-0.09,-0.269,33.75,"May 25, 99",-0.00269
1999-05-26,33.53,34.59,33.53,34.25,8707600.0,8707600.0,-0.72,-2.147,34.12333,"May 26, 99",-0.02147
1999-05-27,34.25,34.34,33.69,34.06,6468200.0,6468200.0,0.19,0.555,34.03,"May 27, 99",0.00555
1999-05-28,34.06,34.72,34.0,34.25,5551000.0,5551000.0,-0.19,-0.558,34.32333,"May 28, 99",-0.00558
1999-06-01,34.25,34.72,33.84,34.56,6923400.0,6923400.0,-0.31,-0.905,34.37333,"June 01, 99",-0.00905
1999-06-02,34.44,34.44,34.06,34.31,3718200.0,3718200.0,0.13,0.377,34.27,"June 02, 99",0.00377
1999-06-03,34.31,34.47,34.16,34.41,4614400.0,4614400.0,-0.1,-0.291,34.34667,"June 03, 99",-0.00291
1999-06-04,34.41,34.94,34.22,34.88,6448400.0,6448400.0,-0.47,-1.366,34.68,"June 04, 99",-0.01366
1999-06-07,34.72,34.72,33.81,33.88,4600000.0,4600000.0,0.84,2.419,34.13667,"June 07, 99",0.02419
1999-06-08,33.88,34.22,33.41,33.88,5791000.0,5791000.0,0.0,0.0,33.83667,"June 08, 99",0.0
1999-06-09,33.75,33.75,33.31,33.5,4262600.0,4262600.0,0.25,0.741,33.52,"June 09, 99",0.00741
1999-06-10,33.22,33.22,32.69,33.06,4696200.0,4696200.0,0.16,0.482,32.99,"June 10, 99",0.00482
1999-06-11,33.06,33.13,32.0,32.22,5896600.0,5896600.0,0.84,2.541,32.45,"June 11, 99",0.02541
1999-06-14,32.22,32.78,31.91,32.41,5623200.0,5623200.0,-0.19,-0.59,32.36667,"June 14, 99",-0.0059
1999-06-15,32.13,32.13,31.59,31.88,7671400.0,7671400.0,0.25,0.778,31.86667,"June 15, 99",0.00778
1999-06-16,31.88,32.41,31.5,31.94,7770800.0,7770800.0,-0.06,-0.188,31.95,"June 16, 99",-0.00188
1999-06-17,31.94,32.56,31.91,32.28,7760200.0,7760200.0,-0.34,-1.064,32.25,"June 17, 99",-0.01064
1999-06-18,32.22,32.22,31.56,31.72,13430600.0,13430600.0,0.5,1.552,31.83333,"June 18, 99",0.01552
1999-06-21,31.66,31.66,30.69,30.78,12047400.0,12047400.0,0.88,2.78,31.04333,"June 21, 99",0.0278
1999-06-22,30.78,32.38,30.66,31.31,14922400.0,14922400.0,-0.53,-1.722,31.45,"June 22, 99",-0.01722
1999-06-23,31.31,31.75,30.81,30.88,10523600.0,10523600.0,0.43,1.373,31.14667,"June 23, 99",0.01373
1999-06-24,30.88,31.47,30.63,31.31,10789400.0,10789400.0,-0.43,-1.392,31.13667,"June 24, 99",-0.01392
1999-06-25,31.31,31.66,30.69,30.94,6839200.0,6839200.0,0.37,1.182,31.09667,"June 25, 99",0.01182
1999-06-28,30.94,30.94,30.34,30.53,8389800.0,8389800.0,0.41,1.325,30.60333,"June 28, 99",0.01325
1999-06-29,30.53,30.59,30.19,30.59,8821600.0,8821600.0,-0.06,-0.197,30.45667,"June 29, 99",-0.00197
1999-06-30,30.59,31.31,30.38,31.0,15421400.0,15421400.0,-0.41,-1.34,30.89667,"June 30, 99",-0.0134
1999-07-01,31.06,32.56,31.06,32.44,14922400.0,14922400.0,-1.38,-4.443,32.02,"July 01, 99",-0.04443
1999-07-02,32.44,32.75,32.09,32.41,8407400.0,8407400.0,0.03,0.092,32.41667,"July 02, 99",0.00092
1999-07-06,32.25,32.25,31.59,31.81,6175800.0,6175800.0,0.44,1.364,31.88333,"July 06, 99",0.01364
1999-07-07,31.78,31.78,31.25,31.5,6491000.0,6491000.0,0.28,0.881,31.51,"July 07, 99",0.00881
1999-07-08,31.5,32.09,31.19,31.56,5172800.0,5172800.0,-0.06,-0.19,31.61333,"July 08, 99",-0.0019
1999-07-09,31.66,32.28,31.66,31.81,5405200.0,5405200.0,-0.15,-0.474,31.91667,"July 09, 99",-0.00474
1999-07-12,31.81,32.0,31.25,31.53,4791800.0,4791800.0,0.28,0.88,31.59333,"July 12, 99",0.0088
1999-07-13,31.44,31.44,31.0,31.22,5662800.0,5662800.0,0.22,0.7,31.22,"July 13, 99",0.007
1999-07-14,31.09,31.09,30.78,30.94,5309600.0,5309600.0,0.15,0.482,30.93667,"July 14, 99",0.00482
1999-07-15,31.31,32.13,31.31,32.0,9338400.0,9338400.0,-0.69,-2.204,31.81333,"July 15, 99",-0.02204
1999-07-16,32.0,32.5,31.84,32.5,7277000.0,7277000.0,-0.5,-1.563,32.28,"July 16, 99",-0.01563
1999-07-19,32.47,32.47,31.38,31.59,6306800.0,6306800.0,0.88,2.71,31.81333,"July 19, 99",0.0271
1999-07-20,31.59,31.94,31.28,31.47,5544200.0,5544200.0,0.12,0.38,31.56333,"July 20, 99",0.0038
1999-07-21,31.47,32.06,31.28,31.31,7261400.0,7261400.0,0.16,0.508,31.55,"July 21, 99",0.00508
1999-07-22,31.31,31.84,31.03,31.56,6185000.0,6185000.0,-0.25,-0.798,31.47667,"July 22, 99",-0.00798
1999-07-23,31.47,31.47,30.78,31.13,5908400.0,5908400.0,0.34,1.08,31.12667,"July 23, 99",0.0108
1999-07-26,31.13,31.81,30.78,31.53,5491400.0,5491400.0,-0.4,-1.285,31.37333,"July 26, 99",-0.01285
1999-07-27,31.53,31.59,31.06,31.25,5647200.0,5647200.0,0.28,0.888,31.3,"July 27, 99",0.00888
1999-07-28,31.13,31.13,30.56,30.69,6001800.0,6001800.0,0.44,1.413,30.79333,"July 28, 99",0.01413
1999-07-29,30.69,30.94,30.38,30.75,6723000.0,6723000.0,-0.06,-0.196,30.69,"July 29, 99",-0.00196
1999-07-30,30.75,30.84,30.13,30.28,5677200.0,5677200.0,0.47,1.528,30.41667,"July 30, 99",0.01528
1999-08-02,30.28,30.59,30.0,30.03,5161000.0,5161000.0,0.25,0.826,30.20667,"August 02, 99",0.00826
1999-08-03,30.06,30.56,30.06,30.41,5486000.0,5486000.0,-0.35,-1.164,30.34333,"August 03, 99",-0.01164
1999-08-04,30.41,30.94,30.06,30.06,6119600.0,6119600.0,0.35,1.151,30.35333,"August 04, 99",0.01151
1999-08-05,30.06,30.81,29.88,30.44,7089400.0,7089400.0,-0.38,-1.264,30.37667,"August 05, 99",-0.01264
1999-08-06,30.44,30.63,29.25,29.63,7642000.0,7642000.0,0.81,2.661,29.83667,"August 06, 99",0.02661
1999-08-09,29.63,30.13,29.53,29.88,4808600.0,4808600.0,-0.25,-0.844,29.84667,"August 09, 99",-0.00844
1999-08-10,29.88,30.19,29.75,29.91,4855000.0,4855000.0,-0.03,-0.1,29.95,"August 10, 99",-0.001
1999-08-11,29.91,30.0,29.25,29.72,6254800.0,6254800.0,0.19,0.635,29.65667,"August 11, 99",0.00635
1999-08-12,29.72,30.41,29.72,30.06,5596600.0,5596600.0,-0.34,-1.144,30.06333,"August 12, 99",-0.01144
1999-08-13,30.06,30.34,29.66,29.91,4847400.0,4847400.0,0.15,0.499,29.97,"August 13, 99",0.00499
1999-08-16,29.84,29.84,29.38,29.69,4236800.0,4236800.0,0.15,0.503,29.63667,"August 16, 99",0.00503
1999-08-17,29.69,30.13,29.56,30.06,3749200.0,3749200.0,-0.37,-1.246,29.91667,"August 17, 99",-0.01246
1999-08-18,29.81,29.81,29.22,29.25,5697000.0,5697000.0,0.56,1.879,29.42667,"August 18, 99",0.01879
1999-08-19,29.25,29.31,28.84,29.03,9124000.0,9124000.0,0.22,0.752,29.06,"August 19, 99",0.00752
1999-08-20,29.03,29.53,28.78,29.41,7397800.0,7397800.0,-0.38,-1.309,29.24,"August 20, 99",-0.01309
1999-08-23,29.41,29.91,29.16,29.41,7271200.0,7271200.0,0.0,0.0,29.49333,"August 23, 99",0.0
1999-08-24,29.41,29.81,29.22,29.63,6457000.0,6457000.0,-0.22,-0.748,29.55333,"August 24, 99",-0.00748
1999-08-25,29.66,30.88,29.66,30.66,10551000.0,10551000.0,-1.0,-3.372,30.4,"August 25, 99",-0.03372
1999-08-26,30.66,31.22,30.63,30.78,6892800.0,6892800.0,-0.12,-0.391,30.87667,"August 26, 99",-0.00391
1999-08-27,30.78,31.03,30.5,31.03,5256200.0,5256200.0,-0.25,-0.812,30.85333,"August 27, 99",-0.00812
1999-08-30,31.03,31.19,30.19,30.44,4504600.0,4504600.0,0.59,1.901,30.60667,"August 30, 99",0.01901
1999-08-31,30.44,30.63,29.88,29.91,6173800.0,6173800.0,0.53,1.741,30.14,"August 31, 99",0.01741
1999-09-01,29.91,30.25,29.59,30.0,4987600.0,4987600.0,-0.09,-0.301,29.94667,"September 01, 99",-0.00301
1999-09-02,29.88,29.88,29.34,29.75,4256000.0,4256000.0,0.13,0.435,29.65667,"September 02, 99",0.00435
1999-09-03,29.03,29.03,28.31,28.69,15629600.0,15629600.0,0.34,1.171,28.67667,"September 03, 99",0.01171
1999-09-07,28.69,28.75,26.88,27.31,20932600.0,20932600.0,1.38,4.81,27.64667,"September 07, 99",0.0481
1999-09-08,27.31,27.94,27.28,27.63,16796800.0,16796800.0,-0.32,-1.172,27.61667,"September 08, 99",-0.01172
1999-09-09,27.63,28.0,27.25,27.5,8579800.0,8579800.0,0.13,0.471,27.58333,"September 09, 99",0.00471
1999-09-10,27.5,27.66,27.31,27.56,6515000.0,6515000.0,-0.06,-0.218,27.51,"September 10, 99",-0.00218
1999-09-13,27.56,27.88,27.41,27.69,5002200.0,5002200.0,-0.13,-0.472,27.66,"September 13, 99",-0.00472
1999-09-14,27.5,27.5,27.19,27.38,6496000.0,6496000.0,0.12,0.436,27.35667,"September 14, 99",0.00436
1999-09-15,27.38,27.78,27.03,27.03,7234000.0,7234000.0,0.35,1.278,27.28,"September 15, 99",0.01278
1999-09-16,27.03,27.34,26.81,27.03,6510400.0,6510400.0,0.0,0.0,27.06,"September 16, 99",0.0
1999-09-17,27.03,27.38,26.78,27.0,10967400.0,10967400.0,0.03,0.111,27.05333,"September 17, 99",0.00111
1999-09-20,27.0,27.44,27.0,27.13,7170800.0,7170800.0,-0.13,-0.481,27.19,"September 20, 99",-0.00481
1999-09-21,27.13,27.31,26.72,26.88,7690400.0,7690400.0,0.25,0.921,26.97,"September 21, 99",0.00921
1999-09-22,26.84,26.84,26.16,26.22,11921400.0,11921400.0,0.62,2.31,26.40667,"September 22, 99",0.0231
1999-09-23,26.22,26.59,25.41,25.47,12639800.0,12639800.0,0.75,2.86,25.82333,"September 23, 99",0.0286
1999-09-24,25.47,26.0,25.47,25.56,10570800.0,10570800.0,-0.09,-0.353,25.67667,"September 24, 99",-0.00353
1999-09-27,25.56,26.03,25.44,25.5,9242000.0,9242000.0,0.06,0.235,25.65667,"September 27, 99",0.00235
1999-09-28,25.5,25.66,24.78,25.38,13730200.0,13730200.0,0.12,0.471,25.27333,"September 28, 99",0.00471
1999-09-29,25.38,25.38,24.38,24.44,12171000.0,12171000.0,0.94,3.704,24.73333,"September 29, 99",0.03704
1999-09-30,24.44,24.72,23.97,24.13,16804000.0,16804000.0,0.31,1.268,24.27333,"September 30, 99",0.01268
1999-10-01,24.13,24.59,23.88,24.53,11814600.0,11814600.0,-0.4,-1.658,24.33333,"October 01, 99",-0.01658
1999-10-04,24.53,24.91,23.78,23.78,13134600.0,13134600.0,0.75,3.057,24.15667,"October 04, 99",0.03057
1999-10-05,23.78,24.13,23.66,23.97,13728200.0,13728200.0,-0.19,-0.799,23.92,"October 05, 99",-0.00799
1999-10-06,24.03,25.97,24.03,25.97,16290200.0,16290200.0,-1.94,-8.073,25.32333,"October 06, 99",-0.08073
1999-10-07,25.97,26.44,25.91,26.0,11634400.0,11634400.0,-0.03,-0.116,26.11667,"October 07, 99",-0.00116
1999-10-08,26.03,26.97,26.03,26.53,10347400.0,10347400.0,-0.5,-1.921,26.51,"October 08, 99",-0.01921
1999-10-11,26.53,26.75,26.03,26.19,5630800.0,5630800.0,0.34,1.282,26.32333,"October 11, 99",0.01282
1999-10-12,26.0,26.0,25.06,25.28,9377800.0,9377800.0,0.72,2.769,25.44667,"October 12, 99",0.02769
1999-10-13,25.28,25.31,24.75,24.84,8828000.0,8828000.0,0.44,1.741,24.96667,"October 13, 99",0.01741
1999-10-14,24.88,25.72,24.88,25.28,9138200.0,9138200.0,-0.4,-1.608,25.29333,"October 14, 99",-0.01608
1999-10-15,25.28,25.5,24.81,24.97,9028200.0,9028200.0,0.31,1.226,25.09333,"October 15, 99",0.01226
1999-10-18,24.97,25.5,24.88,25.5,7876800.0,7876800.0,-0.53,-2.123,25.29333,"October 18, 99",-0.02123
1999-10-19,25.75,26.44,25.75,26.41,11870400.0,11870400.0,-0.66,-2.563,26.2,"October 19, 99",-0.02563
1999-10-20,26.41,26.81,26.28,26.38,8752000.0,8752000.0,0.03,0.114,26.49,"October 20, 99",0.00114
1999-10-21,26.38,27.22,26.19,27.16,11963800.0,11963800.0,-0.78,-2.957,26.85667,"October 21, 99",-0.02957
1999-10-22,27.28,27.97,27.28,27.63,14658400.0,14658400.0,-0.35,-1.283,27.62667,"October 22, 99",-0.01283
1999-10-25,27.63,28.28,27.5,28.16,8613400.0,8613400.0,-0.53,-1.918,27.98,"October 25, 99",-0.01918
1999-10-26,28.16,28.5,27.75,27.75,9280400.0,9280400.0,0.41,1.456,28.0,"October 26, 99",0.01456
1999-10-27,27.75,28.59,27.75,28.47,7181800.0,7181800.0,-0.72,-2.595,28.27,"October 27, 99",-0.02595
1999-10-28,28.78,29.41,28.78,29.41,10987600.0,10987600.0,-0.63,-2.189,29.2,"October 28, 99",-0.02189
1999-10-29,29.41,29.69,29.13,29.5,8153200.0,8153200.0,-0.09,-0.306,29.44,"October 29, 99",-0.00306
1999-11-01,29.5,29.69,28.94,29.5,8425200.0,8425200.0,0.0,0.0,29.37667,"November 01, 99",0.0
1999-11-02,29.47,29.47,28.66,28.88,6453600.0,6453600.0,0.59,2.002,29.00333,"November 02, 99",0.02002
1999-11-03,28.88,28.88,28.03,28.44,7917400.0,7917400.0,0.44,1.524,28.45,"November 03, 99",0.01524
1999-11-04,28.44,28.75,28.03,28.34,7537000.0,7537000.0,0.1,0.352,28.37333,"November 04, 99",0.00352
1999-11-05,28.81,29.22,28.81,29.06,8209600.0,8209600.0,-0.25,-0.868,29.03,"November 05, 99",-0.00868
1999-11-08,29.06,29.47,28.84,29.41,5470000.0,5470000.0,-0.35,-1.204,29.24,"November 08, 99",-0.01204
1999-11-09,29.41,29.41,28.63,28.84,4456400.0,4456400.0,0.57,1.938,28.96,"November 09, 99",0.01938
1999-11-10,28.84,29.13,28.5,28.94,5149000.0,5149000.0,-0.1,-0.347,28.85667,"November 10, 99",-0.00347
1999-11-11,28.94,28.97,28.25,28.38,4844600.0,4844600.0,0.56,1.935,28.53333,"November 11, 99",0.01935
1999-11-12,28.38,28.75,28.28,28.75,4832600.0,4832600.0,-0.37,-1.304,28.59333,"November 12, 99",-0.01304
1999-11-15,28.75,29.16,28.75,29.13,5541800.0,5541800.0,-0.38,-1.322,29.01333,"November 15, 99",-0.01322
1999-11-16,29.13,29.63,28.88,29.63,6558800.0,6558800.0,-0.5,-1.716,29.38,"November 16, 99",-0.01716
1999-11-17,29.63,30.0,29.25,29.97,7905000.0,7905000.0,-0.34,-1.147,29.74,"November 17, 99",-0.01147
1999-11-18,29.97,30.41,29.63,30.22,6596400.0,6596400.0,-0.25,-0.834,30.08667,"November 18, 99",-0.00834
1999-11-19,30.22,30.34,29.84,30.25,7501800.0,7501800.0,-0.03,-0.099,30.14333,"November 19, 99",-0.00099
1999-11-22,30.75,33.03,30.75,32.69,25021800.0,25021800.0,-1.94,-6.309,32.15667,"November 22, 99",-0.06309
1999-11-23,32.91,33.47,32.91,33.34,19265800.0,19265800.0,-0.43,-1.307,33.24,"November 23, 99",-0.01307
1999-11-24,33.34,34.22,33.09,33.97,11651200.0,11651200.0,-0.63,-1.89,33.76,"November 24, 99",-0.0189
1999-11-26,33.94,33.94,33.28,33.28,3306600.0,3306600.0,0.66,1.945,33.5,"November 26, 99",0.01945
1999-11-29,33.28,33.59,32.88,33.53,8520200.0,8520200.0,-0.25,-0.751,33.33333,"November 29, 99",-0.00751
1999-11-30,33.53,33.97,33.25,33.66,7551000.0,7551000.0,-0.13,-0.388,33.62667,"November 30, 99",-0.00388
1999-12-01,33.66,34.5,33.34,34.09,10861600.0,10861600.0,-0.43,-1.277,33.97667,"December 01, 99",-0.01277
1999-12-02,33.97,33.97,33.5,33.72,4753600.0,4753600.0,0.25,0.736,33.73,"December 02, 99",0.00736
1999-12-03,33.91,34.5,33.91,34.16,7668200.0,7668200.0,-0.25,-0.737,34.19,"December 03, 99",-0.00737
1999-12-06,34.09,34.09,31.31,32.3,26527600.0,26527600.0,1.79,5.251,32.56667,"December 06, 99",0.05251
1999-12-07,31.38,31.38,29.38,29.5,36138200.0,36138200.0,1.88,5.991,30.08667,"December 07, 99",0.05991
1999-12-08,29.69,30.44,29.69,30.0,20022800.0,20022800.0,-0.31,-1.044,30.04333,"December 08, 99",-0.01044
1999-12-09,30.03,31.09,30.03,31.06,13725400.0,13725400.0,-1.03,-3.43,30.72667,"December 09, 99",-0.0343
1999-12-10,31.06,31.69,31.06,31.63,11719000.0,11719000.0,-0.57,-1.835,31.46,"December 10, 99",-0.01835
1999-12-13,31.5,31.5,30.69,31.0,5586200.0,5586200.0,0.5,1.587,31.06333,"December 13, 99",0.01587
1999-12-14,30.97,30.97,30.53,30.63,7121200.0,7121200.0,0.34,1.098,30.71,"December 14, 99",0.01098
1999-12-15,30.59,30.59,29.69,29.94,9054200.0,9054200.0,0.65,2.125,30.07333,"December 15, 99",0.02125
1999-12-16,29.94,30.19,28.94,29.25,10605200.0,10605200.0,0.69,2.305,29.46,"December 16, 99",0.02305
1999-12-17,29.25,29.94,28.69,29.88,16030000.0,16030000.0,-0.63,-2.154,29.50333,"December 17, 99",-0.02154
1999-12-20,29.88,30.19,29.25,29.78,7583600.0,7583600.0,0.1,0.335,29.74,"December 20, 99",0.00335
1999-12-21,29.78,30.0,29.06,29.22,6346400.0,6346400.0,0.56,1.88,29.42667,"December 21, 99",0.0188
1999-12-22,29.25,30.38,29.25,29.25,9053400.0,9053400.0,0.0,0.0,29.62667,"December 22, 99",0.0
1999-12-23,29.41,30.13,29.41,29.63,6739400.0,6739400.0,-0.22,-0.748,29.72333,"December 23, 99",-0.00748
1999-12-27,29.63,29.97,29.28,29.75,6182400.0,6182400.0,-0.12,-0.405,29.66667,"December 27, 99",-0.00405
1999-12-28,29.75,29.81,29.34,29.56,4732200.0,4732200.0,0.19,0.639,29.57,"December 28, 99",0.00639
1999-12-29,29.56,29.94,29.31,29.47,3655600.0,3655600.0,0.09,0.304,29.57333,"December 29, 99",0.00304
1999-12-30,29.47,29.72,29.22,29.22,3969200.0,3969200.0,0.25,0.848,29.38667,"December 30, 99",0.00848
1999-12-31,29.22,29.44,29.03,29.13,2829800.0,2829800.0,0.09,0.308,29.2,"December 31, 99",0.00308
2000-01-03,29.0,29.0,27.63,28.19,10997000.0,10997000.0,0.81,2.793,28.27333,"January 03, 00",0.02793
2000-01-04,28.19,28.41,27.81,28.22,7308000.0,7308000.0,-0.03,-0.106,28.14667,"January 04, 00",-0.00106
2000-01-05,28.22,28.72,28.03,28.47,9457400.0,9457400.0,-0.25,-0.886,28.40667,"January 05, 00",-0.00886
2000-01-06,28.47,28.84,28.28,28.5,7129200.0,7129200.0,-0.03,-0.105,28.54,"January 06, 00",-0.00105
2000-01-07,28.94,30.38,28.94,30.38,11474000.0,11474000.0,-1.44,-4.976,29.9,"January 07, 00",-0.04976
2000-01-10,30.38,30.47,29.38,29.41,8723800.0,8723800.0,0.97,3.193,29.75333,"January 10, 00",0.03193
2000-01-11,30.06,30.63,30.06,30.41,9398000.0,9398000.0,-0.35,-1.164,30.36667,"January 11, 00",-0.01164
2000-01-12,30.41,30.91,30.22,30.75,8389800.0,8389800.0,-0.34,-1.118,30.62667,"January 12, 00",-0.01118
2000-01-13,30.72,30.72,30.22,30.28,6106000.0,6106000.0,0.44,1.432,30.40667,"January 13, 00",0.01432
2000-01-14,30.34,30.97,30.34,30.53,7513200.0,7513200.0,-0.19,-0.626,30.61333,"January 14, 00",-0.00626
2000-01-18,30.53,32.5,30.53,32.5,18350800.0,18350800.0,-1.97,-6.453,31.84333,"January 18, 00",-0.06453
2000-01-19,32.5,32.63,32.03,32.63,12813400.0,12813400.0,-0.13,-0.4,32.43,"January 19, 00",-0.004
2000-01-20,32.63,32.97,32.56,32.94,11539800.0,11539800.0,-0.31,-0.95,32.82333,"January 20, 00",-0.0095
2000-01-21,32.94,33.44,32.88,33.44,11385800.0,11385800.0,-0.5,-1.518,33.25333,"January 21, 00",-0.01518
2000-01-24,33.38,33.38,31.78,32.44,11306000.0,11306000.0,0.94,2.816,32.53333,"January 24, 00",0.02816
2000-01-25,32.44,33.03,31.44,32.94,9718600.0,9718600.0,-0.5,-1.541,32.47,"January 25, 00",-0.01541
2000-01-26,32.75,32.75,31.38,31.53,23723800.0,23723800.0,1.22,3.725,31.88667,"January 26, 00",0.03725
2000-01-27,31.34,31.34,29.22,29.75,17550800.0,17550800.0,1.59,5.073,30.10333,"January 27, 00",0.05073
2000-01-28,29.75,29.78,28.47,28.47,10875200.0,10875200.0,1.28,4.303,28.90667,"January 28, 00",0.04303
2000-01-31,28.47,29.38,28.28,28.72,10734600.0,10734600.0,-0.25,-0.878,28.79333,"January 31, 00",-0.00878
2000-02-01,28.72,29.19,28.16,29.06,8114600.0,8114600.0,-0.34,-1.184,28.80333,"February 01, 00",-0.01184
2000-02-02,28.94,28.94,28.03,28.19,7164000.0,7164000.0,0.75,2.592,28.38667,"February 02, 00",0.02592
2000-02-03,28.19,28.38,27.53,27.63,9464400.0,9464400.0,0.56,1.987,27.84667,"February 03, 00",0.01987
2000-02-04,27.63,28.88,27.53,28.13,11501800.0,11501800.0,-0.5,-1.81,28.18,"February 04, 00",-0.0181
2000-02-07,28.13,28.81,27.78,28.44,7742800.0,7742800.0,-0.31,-1.102,28.34333,"February 07, 00",-0.01102
2000-02-08,28.44,28.94,28.38,28.59,8261200.0,8261200.0,-0.15,-0.527,28.63667,"February 08, 00",-0.00527
2000-02-09,28.59,28.88,28.38,28.5,7948600.0,7948600.0,0.09,0.315,28.58667,"February 09, 00",0.00315
2000-02-10,28.5,28.69,28.13,28.34,8031000.0,8031000.0,0.16,0.561,28.38667,"February 10, 00",0.00561
2000-02-11,27.97,27.97,27.44,27.78,7688600.0,7688600.0,0.19,0.679,27.73,"February 11, 00",0.00679
2000-02-14,27.63,27.63,26.91,27.06,7134000.0,7134000.0,0.57,2.063,27.2,"February 14, 00",0.02063
2000-02-15,27.06,27.88,26.63,27.84,7850800.0,7850800.0,-0.78,-2.882,27.45,"February 15, 00",-0.02882
2000-02-16,27.72,27.72,26.63,26.78,6869200.0,6869200.0,0.94,3.391,27.04333,"February 16, 00",0.03391
2000-02-17,26.78,26.78,25.59,26.16,11661000.0,11661000.0,0.62,2.315,26.17667,"February 17, 00",0.02315
2000-02-18,26.16,26.16,25.38,25.69,11443400.0,11443400.0,0.47,1.797,25.74333,"February 18, 00",0.01797
2000-02-22,25.69,26.31,25.25,25.88,10543000.0,10543000.0,-0.19,-0.74,25.81333,"February 22, 00",-0.0074
2000-02-23,25.72,25.72,25.0,25.63,11021600.0,11021600.0,0.09,0.35,25.45,"February 23, 00",0.0035
2000-02-24,25.25,25.25,24.16,24.91,15451600.0,15451600.0,0.34,1.347,24.77333,"February 24, 00",0.01347
2000-02-25,24.91,25.34,24.03,24.34,10905200.0,10905200.0,0.57,2.288,24.57,"February 25, 00",0.02288
2000-02-28,24.34,24.84,23.78,24.66,10790800.0,10790800.0,-0.32,-1.315,24.42667,"February 28, 00",-0.01315
2000-02-29,24.41,24.41,23.81,24.31,10346200.0,10346200.0,0.1,0.41,24.17667,"February 29, 00",0.0041
2000-03-01,24.59,25.69,24.59,25.5,15612200.0,15612200.0,-0.91,-3.701,25.26,"March 01, 00",-0.03701
2000-03-02,25.5,25.91,24.69,24.81,11358600.0,11358600.0,0.69,2.706,25.13667,"March 02, 00",0.02706
2000-03-03,24.81,25.19,24.53,25.06,9010600.0,9010600.0,-0.25,-1.008,24.92667,"March 03, 00",-0.01008
2000-03-06,24.75,24.75,24.16,24.5,7866000.0,7866000.0,0.25,1.01,24.47,"March 06, 00",0.0101
2000-03-07,24.5,24.5,22.41,23.56,23440200.0,23440200.0,0.94,3.837,23.49,"March 07, 00",0.03837
2000-03-08,23.56,24.03,22.94,23.75,14441600.0,14441600.0,-0.19,-0.806,23.57333,"March 08, 00",-0.00806
2000-03-09,23.75,23.78,22.94,23.38,12389400.0,12389400.0,0.37,1.558,23.36667,"March 09, 00",0.01558
2000-03-10,23.31,23.31,22.03,22.75,14059200.0,14059200.0,0.56,2.402,22.69667,"March 10, 00",0.02402
2000-03-13,22.16,22.16,21.56,21.88,15646400.0,15646400.0,0.28,1.264,21.86667,"March 13, 00",0.01264
2000-03-14,21.88,22.16,21.44,21.66,11162000.0,11162000.0,0.22,1.005,21.75333,"March 14, 00",0.01005
2000-03-15,21.75,23.91,21.75,23.78,22138200.0,22138200.0,-2.03,-9.333,23.14667,"March 15, 00",-0.09333
2000-03-16,24.28,24.94,24.28,24.88,17610200.0,17610200.0,-0.6,-2.471,24.7,"March 16, 00",-0.02471
2000-03-17,24.88,24.97,24.38,24.56,14530800.0,14530800.0,0.32,1.286,24.63667,"March 17, 00",0.01286
2000-03-20,24.5,24.5,24.03,24.28,6755200.0,6755200.0,0.22,0.898,24.27,"March 20, 00",0.00898
2000-03-21,24.28,24.84,23.69,24.72,8575800.0,8575800.0,-0.44,-1.812,24.41667,"March 21, 00",-0.01812
2000-03-22,24.5,24.5,23.09,23.53,11884200.0,11884200.0,0.97,3.959,23.70667,"March 22, 00",0.03959
2000-03-23,23.53,24.19,23.22,23.5,10333800.0,10333800.0,0.03,0.127,23.63667,"March 23, 00",0.00127
2000-03-24,23.5,23.59,23.19,23.5,8769200.0,8769200.0,0.0,0.0,23.42667,"March 24, 00",0.0
2000-03-27,23.5,23.56,22.63,22.63,10535400.0,10535400.0,0.87,3.702,22.94,"March 27, 00",0.03702
2000-03-28,22.63,23.25,22.44,22.44,13673000.0,13673000.0,0.19,0.84,22.71,"March 28, 00",0.0084
2000-03-29,22.66,23.53,22.66,23.44,16292600.0,16292600.0,-0.78,-3.442,23.21,"March 29, 00",-0.03442
2000-03-30,23.56,24.97,23.56,24.28,18795200.0,18795200.0,-0.72,-3.056,24.27,"March 30, 00",-0.03056
2000-03-31,24.28,24.34,23.47,23.47,8857000.0,8857000.0,0.81,3.336,23.76,"March 31, 00",0.03336
2000-04-03,23.63,24.97,23.63,24.66,14186800.0,14186800.0,-1.03,-4.359,24.42,"April 03, 00",-0.04359
2000-04-04,24.66,26.19,24.09,26.19,27390200.0,27390200.0,-1.53,-6.204,25.49,"April 04, 00",-0.06204
2000-04-05,25.47,25.47,23.69,23.81,20256600.0,20256600.0,1.66,6.517,24.32333,"April 05, 00",0.06517
2000-04-06,23.81,23.97,22.38,22.88,20675000.0,20675000.0,0.93,3.906,23.07667,"April 06, 00",0.03906
2000-04-07,22.88,23.22,22.38,23.09,12374000.0,12374000.0,-0.21,-0.918,22.89667,"April 07, 00",-0.00918
2000-04-10,23.09,23.59,22.44,22.5,12903000.0,12903000.0,0.59,2.555,22.84333,"April 10, 00",0.02555
2000-04-11,22.84,23.88,22.84,23.59,12096400.0,12096400.0,-0.75,-3.284,23.43667,"April 11, 00",-0.03284
2000-04-12,23.84,24.97,23.84,24.25,15586400.0,15586400.0,-0.41,-1.72,24.35333,"April 12, 00",-0.0172
2000-04-13,24.25,24.31,23.56,23.63,8892800.0,8892800.0,0.62,2.557,23.83333,"April 13, 00",0.02557
2000-04-14,23.63,23.78,23.03,23.5,9488200.0,9488200.0,0.13,0.55,23.43667,"April 14, 00",0.0055
2000-04-17,23.5,24.31,23.13,24.25,10710200.0,10710200.0,-0.75,-3.191,23.89667,"April 17, 00",-0.03191
2000-04-18,24.25,24.56,23.19,24.31,13001000.0,13001000.0,-0.06,-0.247,24.02,"April 18, 00",-0.00247
2000-04-19,24.31,24.84,23.97,24.59,10073200.0,10073200.0,-0.28,-1.152,24.46667,"April 19, 00",-0.01152
2000-04-20,24.59,24.72,24.0,24.72,8278600.0,8278600.0,-0.13,-0.529,24.48,"April 20, 00",-0.00529
2000-04-24,24.72,25.22,24.5,24.81,9377600.0,9377600.0,-0.09,-0.364,24.84333,"April 24, 00",-0.00364
2000-04-25,24.81,25.25,24.09,25.25,8711600.0,8711600.0,-0.44,-1.773,24.86333,"April 25, 00",-0.01773
2000-04-26,25.06,25.06,24.44,24.72,9536200.0,9536200.0,0.34,1.357,24.74,"April 26, 00",0.01357
2000-04-27,24.56,24.56,23.72,24.13,9023200.0,9023200.0,0.43,1.751,24.13667,"April 27, 00",0.01751
2000-04-28,24.13,24.19,23.38,23.63,7568800.0,7568800.0,0.5,2.072,23.73333,"April 28, 00",0.02072
2000-05-01,23.5,23.5,23.13,23.13,7754000.0,7754000.0,0.37,1.574,23.25333,"May 01, 00",0.01574
2000-05-02,23.13,23.78,22.97,23.13,9209400.0,9209400.0,0.0,0.0,23.29333,"May 02, 00",0.0
2000-05-03,23.13,24.41,23.06,24.25,14397400.0,14397400.0,-1.12,-4.842,23.90667,"May 03, 00",-0.04842
2000-05-04,24.25,24.59,23.66,24.25,6842400.0,6842400.0,0.0,0.0,24.16667,"May 04, 00",0.0
2000-05-05,24.0,24.0,23.38,23.53,5999200.0,5999200.0,0.47,1.958,23.63667,"May 05, 00",0.01958
2000-05-08,23.81,24.25,23.81,24.25,6013000.0,6013000.0,-0.44,-1.848,24.10333,"May 08, 00",-0.01848
2000-05-09,24.97,25.63,24.97,25.25,22386000.0,22386000.0,-0.28,-1.121,25.28333,"May 09, 00",-0.01121
2000-05-10,25.25,26.5,25.25,26.41,21062000.0,21062000.0,-1.16,-4.594,26.05333,"May 10, 00",-0.04594
2000-05-11,26.5,26.91,26.5,26.78,15919400.0,15919400.0,-0.28,-1.057,26.73,"May 11, 00",-0.01057
2000-05-12,26.5,26.5,25.75,26.13,7498200.0,7498200.0,0.37,1.396,26.12667,"May 12, 00",0.01396
2000-05-15,26.13,26.38,25.5,25.88,8056600.0,8056600.0,0.25,0.957,25.92,"May 15, 00",0.00957
2000-05-16,25.38,25.38,24.31,24.47,16476600.0,16476600.0,0.91,3.586,24.72,"May 16, 00",0.03586
2000-05-17,24.47,24.59,24.0,24.13,8448600.0,8448600.0,0.34,1.389,24.24,"May 17, 00",0.01389
2000-05-18,24.13,24.94,24.09,24.72,8098600.0,8098600.0,-0.59,-2.445,24.58333,"May 18, 00",-0.02445
2000-05-19,24.72,25.16,24.53,25.03,10053600.0,10053600.0,-0.31,-1.254,24.90667,"May 19, 00",-0.01254
2000-05-22,25.03,25.34,24.72,25.34,9716400.0,9716400.0,-0.31,-1.239,25.13333,"May 22, 00",-0.01239
2000-05-23,25.09,25.09,24.84,25.0,7210000.0,7210000.0,0.09,0.359,24.97667,"May 23, 00",0.00359
2000-05-24,25.09,26.53,25.09,26.34,10788000.0,10788000.0,-1.25,-4.982,25.98667,"May 24, 00",-0.04982
2000-05-25,26.34,26.47,26.0,26.34,7731800.0,7731800.0,0.0,0.0,26.27,"May 25, 00",0.0
2000-05-26,26.63,27.5,26.63,27.28,12380200.0,12380200.0,-0.65,-2.441,27.13667,"May 26, 00",-0.02441
2000-05-30,27.28,27.5,26.53,26.94,7451200.0,7451200.0,0.34,1.246,26.99,"May 30, 00",0.01246
2000-05-31,26.94,26.94,26.38,26.69,5541000.0,5541000.0,0.25,0.928,26.67,"May 31, 00",0.00928
2000-06-01,26.69,27.31,26.53,26.63,5993800.0,5993800.0,0.06,0.225,26.82333,"June 01, 00",0.00225
2000-06-02,26.63,26.63,26.06,26.28,6324800.0,6324800.0,0.35,1.314,26.32333,"June 02, 00",0.01314
2000-06-05,26.28,26.44,25.88,26.0,4837400.0,4837400.0,0.28,1.065,26.10667,"June 05, 00",0.01065
2000-06-06,25.97,25.97,25.53,25.91,6609200.0,6609200.0,0.06,0.231,25.80333,"June 06, 00",0.00231
2000-06-07,25.94,26.63,25.94,26.5,6865200.0,6865200.0,-0.56,-2.159,26.35667,"June 07, 00",-0.02159
2000-06-08,26.5,26.5,25.94,26.41,7779000.0,7779000.0,0.09,0.34,26.28333,"June 08, 00",0.0034
2000-06-09,26.41,26.69,26.06,26.16,4966000.0,4966000.0,0.25,0.947,26.30333,"June 09, 00",0.00947
2000-06-12,26.16,26.72,26.13,26.31,4122600.0,4122600.0,-0.15,-0.573,26.38667,"June 12, 00",-0.00573
2000-06-13,26.41,27.0,26.41,26.69,5626200.0,5626200.0,-0.28,-1.06,26.7,"June 13, 00",-0.0106
2000-06-14,26.69,27.06,26.19,26.5,10165800.0,10165800.0,0.19,0.712,26.58333,"June 14, 00",0.00712
2000-06-15,26.91,28.06,26.91,27.94,20672400.0,20672400.0,-1.03,-3.828,27.63667,"June 15, 00",-0.03828
2000-06-16,27.94,28.09,27.56,27.75,14330400.0,14330400.0,0.19,0.68,27.8,"June 16, 00",0.0068
2000-06-19,27.44,27.44,27.0,27.22,6989800.0,6989800.0,0.22,0.802,27.22,"June 19, 00",0.00802
2000-06-20,26.81,26.81,26.34,26.47,6947800.0,6947800.0,0.34,1.268,26.54,"June 20, 00",0.01268
2000-06-21,26.5,27.16,26.5,26.75,8780600.0,8780600.0,-0.25,-0.943,26.80333,"June 21, 00",-0.00943
2000-06-22,26.75,28.25,26.5,28.06,11664600.0,11664600.0,-1.31,-4.897,27.60333,"June 22, 00",-0.04897
2000-06-23,28.06,29.16,27.81,28.94,15346000.0,15346000.0,-0.88,-3.136,28.63667,"June 23, 00",-0.03136
2000-06-26,28.94,29.63,28.75,29.5,9900400.0,9900400.0,-0.56,-1.935,29.29333,"June 26, 00",-0.01935
2000-06-27,29.44,29.44,28.75,28.94,10429600.0,10429600.0,0.5,1.698,29.04333,"June 27, 00",0.01698
2000-06-28,29.19,30.44,29.19,30.02,18989000.0,18989000.0,-0.83,-2.843,29.88333,"June 28, 00",-0.02843
2000-06-29,30.02,30.09,29.38,29.53,12743200.0,12743200.0,0.49,1.632,29.66667,"June 29, 00",0.01632
2000-06-30,29.41,29.41,28.13,28.72,19122800.0,19122800.0,0.69,2.346,28.75333,"June 30, 00",0.02346
2000-07-03,28.91,29.25,28.91,29.09,7707200.0,7707200.0,-0.18,-0.623,29.08333,"July 03, 00",-0.00623
2000-07-05,29.13,29.59,29.13,29.38,6960400.0,6960400.0,-0.25,-0.858,29.36667,"July 05, 00",-0.00858
2000-07-06,29.38,29.47,28.91,29.47,5041200.0,5041200.0,-0.09,-0.306,29.28333,"July 06, 00",-0.00306
2000-07-07,29.47,29.63,29.19,29.38,5043200.0,5043200.0,0.09,0.305,29.4,"July 07, 00",0.00305
2000-07-10,29.34,29.34,28.63,28.78,6447200.0,6447200.0,0.56,1.909,28.91667,"July 10, 00",0.01909
2000-07-11,28.75,28.75,27.91,28.09,8134200.0,8134200.0,0.66,2.296,28.25,"July 11, 00",0.02296
2000-07-12,28.09,28.25,27.63,28.06,7153800.0,7153800.0,0.03,0.107,27.98,"July 12, 00",0.00107
2000-07-13,28.22,29.06,28.22,28.97,8450600.0,8450600.0,-0.75,-2.658,28.75,"July 13, 00",-0.02658
2000-07-14,28.97,29.22,28.5,28.81,4648000.0,4648000.0,0.16,0.552,28.84333,"July 14, 00",0.00552
2000-07-17,28.81,28.81,28.28,28.67,7003000.0,7003000.0,0.14,0.486,28.58667,"July 17, 00",0.00486
2000-07-18,28.67,29.38,28.31,29.09,7595200.0,7595200.0,-0.42,-1.465,28.92667,"July 18, 00",-0.01465
2000-07-19,29.38,30.31,29.38,30.25,16435400.0,16435400.0,-0.87,-2.961,29.98,"July 19, 00",-0.02961
2000-07-20,30.25,30.34,29.94,30.25,9225600.0,9225600.0,0.0,0.0,30.17667,"July 20, 00",0.0
2000-07-21,30.25,30.63,30.18,30.43,8141200.0,8141200.0,-0.18,-0.595,30.41333,"July 21, 00",-0.00595
2000-07-24,30.0,30.0,29.53,29.63,6808200.0,6808200.0,0.37,1.233,29.72,"July 24, 00",0.01233
2000-07-25,29.63,29.66,29.41,29.63,4664400.0,4664400.0,0.0,0.0,29.56667,"July 25, 00",0.0
2000-07-26,29.63,30.0,29.31,29.41,10162400.0,10162400.0,0.22,0.742,29.57333,"July 26, 00",0.00742
2000-07-27,29.84,30.59,29.84,30.22,9117200.0,9117200.0,-0.38,-1.273,30.21667,"July 27, 00",-0.01273
2000-07-28,30.22,31.5,30.03,31.34,13619000.0,13619000.0,-1.12,-3.706,30.95667,"July 28, 00",-0.03706
2000-07-31,31.19,31.19,30.63,30.66,8017000.0,8017000.0,0.53,1.699,30.82667,"July 31, 00",0.01699
2000-08-01,30.66,32.0,30.66,31.5,9321400.0,9321400.0,-0.84,-2.74,31.38667,"August 01, 00",-0.0274
2000-08-02,31.5,31.53,31.13,31.47,6662400.0,6662400.0,0.03,0.095,31.37667,"August 02, 00",0.00095
2000-08-03,31.47,31.88,31.03,31.5,6653400.0,6653400.0,-0.03,-0.095,31.47,"August 03, 00",-0.00095
2000-08-04,31.31,31.31,30.56,31.06,6006600.0,6006600.0,0.25,0.798,30.97667,"August 04, 00",0.00798
2000-08-07,30.88,30.88,30.56,30.69,4263600.0,4263600.0,0.19,0.615,30.71,"August 07, 00",0.00615
2000-08-08,30.69,31.19,30.25,30.47,6135800.0,6135800.0,0.22,0.717,30.63667,"August 08, 00",0.00717
2000-08-09,30.22,30.22,29.84,29.91,7111600.0,7111600.0,0.31,1.026,29.99,"August 09, 00",0.01026
2000-08-10,30.03,30.88,30.03,30.5,6214800.0,6214800.0,-0.47,-1.565,30.47,"August 10, 00",-0.01565
2000-08-11,30.5,31.38,30.5,31.13,6165400.0,6165400.0,-0.63,-2.066,31.00333,"August 11, 00",-0.02066
2000-08-14,31.13,31.63,31.13,31.53,5329400.0,5329400.0,-0.4,-1.285,31.43,"August 14, 00",-0.01285
2000-08-15,31.28,31.28,30.81,31.0,4402600.0,4402600.0,0.28,0.895,31.03,"August 15, 00",0.00895
2000-08-16,30.69,30.69,29.75,30.34,11729200.0,11729200.0,0.35,1.14,30.26,"August 16, 00",0.0114
2000-08-17,30.31,30.31,29.78,29.84,5834000.0,5834000.0,0.47,1.551,29.97667,"August 17, 00",0.01551
2000-08-18,29.84,30.16,29.75,30.16,5274600.0,5274600.0,-0.32,-1.072,30.02333,"August 18, 00",-0.01072
2000-08-21,29.97,29.97,29.56,29.91,5735000.0,5735000.0,0.06,0.2,29.81333,"August 21, 00",0.002
2000-08-22,29.91,29.97,29.0,29.0,4243400.0,4243400.0,0.91,3.042,29.32333,"August 22, 00",0.03042
2000-08-23,29.0,29.59,28.97,29.4,7007400.0,7007400.0,-0.4,-1.379,29.32,"August 23, 00",-0.01379
2000-08-24,29.4,29.5,28.94,28.97,4619200.0,4619200.0,0.43,1.463,29.13667,"August 24, 00",0.01463
2000-08-25,28.72,28.72,27.5,28.0,13902000.0,13902000.0,0.72,2.507,28.07333,"August 25, 00",0.02507
2000-08-28,28.34,28.88,28.34,28.5,12625800.0,12625800.0,-0.16,-0.565,28.57333,"August 28, 00",-0.00565
2000-08-29,28.44,28.44,28.03,28.16,5934600.0,5934600.0,0.28,0.985,28.21,"August 29, 00",0.00985
2000-08-30,28.0,28.0,26.91,27.13,9392800.0,9392800.0,0.87,3.107,27.34667,"August 30, 00",0.03107
2000-08-31,27.09,27.09,25.75,26.32,16123800.0,16123800.0,0.77,2.842,26.38667,"August 31, 00",0.02842
2000-09-01,26.69,27.25,26.69,27.13,10053000.0,10053000.0,-0.44,-1.649,27.02333,"September 01, 00",-0.01649
2000-09-05,27.13,28.53,26.75,28.16,11223000.0,11223000.0,-1.03,-3.797,27.81333,"September 05, 00",-0.03797
2000-09-06,27.47,27.47,27.03,27.16,9854000.0,9854000.0,0.31,1.129,27.22,"September 06, 00",0.01129
2000-09-07,27.16,27.28,26.63,27.0,7458200.0,7458200.0,0.16,0.589,26.97,"September 07, 00",0.00589
2000-09-08,27.0,27.59,26.91,27.28,5253600.0,5253600.0,-0.28,-1.037,27.26,"September 08, 00",-0.01037
2000-09-11,27.28,27.34,26.16,26.5,7846000.0,7846000.0,0.78,2.859,26.66667,"September 11, 00",0.02859
2000-09-12,26.5,26.94,26.09,26.75,8248000.0,8248000.0,-0.25,-0.943,26.59333,"September 12, 00",-0.00943
2000-09-13,26.75,26.84,26.03,26.25,6986400.0,6986400.0,0.5,1.869,26.37333,"September 13, 00",0.01869
2000-09-14,25.94,25.94,24.97,25.5,11181600.0,11181600.0,0.44,1.696,25.47,"September 14, 00",0.01696
2000-09-15,25.5,26.06,25.25,25.41,12373800.0,12373800.0,0.09,0.353,25.57333,"September 15, 00",0.00353
2000-09-18,25.41,26.75,25.38,26.56,8759800.0,8759800.0,-1.15,-4.526,26.23,"September 18, 00",-0.04526
2000-09-19,26.56,26.75,26.03,26.44,7630400.0,7630400.0,0.12,0.452,26.40667,"September 19, 00",0.00452
2000-09-20,26.34,26.34,24.72,25.13,14690200.0,14690200.0,1.21,4.594,25.39667,"September 20, 00",0.04594
2000-09-21,25.13,25.41,24.59,24.78,10247200.0,10247200.0,0.35,1.393,24.92667,"September 21, 00",0.01393
2000-09-22,25.44,26.47,25.44,26.44,16349000.0,16349000.0,-1.0,-3.931,26.11667,"September 22, 00",-0.03931
2000-09-25,26.44,27.13,26.31,26.78,8079600.0,8079600.0,-0.34,-1.286,26.74,"September 25, 00",-0.01286
2000-09-26,26.78,27.56,26.63,27.47,10269400.0,10269400.0,-0.69,-2.577,27.22,"September 26, 00",-0.02577
2000-09-27,27.47,27.94,27.0,27.81,10414600.0,10414600.0,-0.34,-1.238,27.58333,"September 27, 00",-0.01238
2000-09-28,27.81,27.81,27.06,27.72,8353200.0,8353200.0,0.09,0.324,27.53,"September 28, 00",0.00324
2000-09-29,27.72,28.31,27.5,27.56,11962600.0,11962600.0,0.16,0.577,27.79,"September 29, 00",0.00577
2000-10-02,27.63,28.5,27.63,28.5,9516000.0,9516000.0,-0.87,-3.149,28.21,"October 02, 00",-0.03149
2000-10-03,28.5,28.69,28.06,28.16,7380800.0,7380800.0,0.34,1.193,28.30333,"October 03, 00",0.01193
2000-10-04,28.16,28.63,28.0,28.63,8279000.0,8279000.0,-0.47,-1.669,28.42,"October 04, 00",-0.01669
2000-10-05,28.66,29.69,28.66,29.56,10596400.0,10596400.0,-0.9,-3.14,29.30333,"October 05, 00",-0.0314
2000-10-06,29.56,29.59,28.88,29.22,9617400.0,9617400.0,0.34,1.15,29.23,"October 06, 00",0.0115
2000-10-09,29.22,29.41,28.91,28.91,4073000.0,4073000.0,0.31,1.061,29.07667,"October 09, 00",0.01061
2000-10-10,28.91,29.66,28.53,29.09,6280600.0,6280600.0,-0.18,-0.623,29.09333,"October 10, 00",-0.00623
2000-10-11,29.09,29.78,28.88,29.28,7904000.0,7904000.0,-0.19,-0.653,29.31333,"October 11, 00",-0.00653
2000-10-12,29.28,29.38,28.19,28.63,8552800.0,8552800.0,0.65,2.22,28.73333,"October 12, 00",0.0222
2000-10-13,28.63,28.84,28.19,28.59,7312400.0,7312400.0,0.04,0.14,28.54,"October 13, 00",0.0014
2000-10-16,28.59,29.63,28.5,29.31,7054600.0,7054600.0,-0.72,-2.518,29.14667,"October 16, 00",-0.02518
2000-10-17,29.31,29.47,28.5,28.97,6069800.0,6069800.0,0.34,1.16,28.98,"October 17, 00",0.0116
2000-10-18,28.97,29.44,28.41,29.09,7339400.0,7339400.0,-0.12,-0.414,28.98,"October 18, 00",-0.00414
2000-10-19,28.72,28.72,28.06,28.56,5797600.0,5797600.0,0.16,0.557,28.44667,"October 19, 00",0.00557
2000-10-20,27.88,27.88,26.88,27.41,14655200.0,14655200.0,0.47,1.686,27.39,"October 20, 00",0.01686
2000-10-23,27.41,27.97,26.94,27.66,7077800.0,7077800.0,-0.25,-0.912,27.52333,"October 23, 00",-0.00912
2000-10-24,27.66,28.09,27.22,28.06,6334800.0,6334800.0,-0.4,-1.446,27.79,"October 24, 00",-0.01446
2000-10-25,28.06,29.22,27.81,28.97,9350200.0,9350200.0,-0.91,-3.243,28.66667,"October 25, 00",-0.03243
2000-10-26,28.97,29.66,28.22,29.34,9351000.0,9351000.0,-0.37,-1.277,29.07333,"October 26, 00",-0.01277
2000-10-27,29.34,29.66,28.81,29.47,7562200.0,7562200.0,-0.13,-0.443,29.31333,"October 27, 00",-0.00443
2000-10-30,29.47,30.25,29.44,29.94,10526800.0,10526800.0,-0.47,-1.595,29.87667,"October 30, 00",-0.01595
2000-10-31,29.94,30.47,29.34,30.19,9830000.0,9830000.0,-0.25,-0.835,30.0,"October 31, 00",-0.00835
2000-11-01,30.19,30.72,30.16,30.44,8289000.0,8289000.0,-0.25,-0.828,30.44,"November 01, 00",-0.00828
2000-11-02,30.44,30.72,30.03,30.38,9108400.0,9108400.0,0.06,0.197,30.37667,"November 02, 00",0.00197
2000-11-03,30.25,30.25,29.56,29.66,6068400.0,6068400.0,0.59,1.95,29.82333,"November 03, 00",0.0195
2000-11-06,29.66,30.5,29.41,30.25,5558200.0,5558200.0,-0.59,-1.989,30.05333,"November 06, 00",-0.01989
2000-11-07,30.25,30.44,29.91,30.03,4236000.0,4236000.0,0.22,0.727,30.12667,"November 07, 00",0.00727
2000-11-08,30.03,30.31,29.53,30.09,5048200.0,5048200.0,-0.06,-0.2,29.97667,"November 08, 00",-0.002
2000-11-09,30.09,31.34,29.94,31.16,11855000.0,11855000.0,-1.07,-3.556,30.81333,"November 09, 00",-0.03556
2000-11-10,31.16,31.53,30.94,30.94,10323400.0,10323400.0,0.22,0.706,31.13667,"November 10, 00",0.00706
2000-11-13,30.81,30.81,30.19,30.53,8175800.0,8175800.0,0.28,0.909,30.51,"November 13, 00",0.00909
2000-11-14,30.53,30.66,29.81,30.28,7423400.0,7423400.0,0.25,0.819,30.25,"November 14, 00",0.00819
2000-11-15,30.28,30.75,30.13,30.66,7506600.0,7506600.0,-0.38,-1.255,30.51333,"November 15, 00",-0.01255
2000-11-16,30.66,31.16,30.53,30.97,7607400.0,7607400.0,-0.31,-1.011,30.88667,"November 16, 00",-0.01011
2000-11-17,30.97,31.41,30.56,30.72,12093800.0,12093800.0,0.25,0.807,30.89667,"November 17, 00",0.00807
2000-11-20,29.44,29.44,27.97,28.28,19313200.0,19313200.0,1.16,3.94,28.56333,"November 20, 00",0.0394
2000-11-21,28.28,28.75,27.63,27.63,13995800.0,13995800.0,0.65,2.298,28.00333,"November 21, 00",0.02298
2000-11-22,29.13,30.16,29.13,29.78,13403800.0,13403800.0,-0.65,-2.231,29.69,"November 22, 00",-0.02231
2000-11-24,29.75,29.75,29.31,29.5,3905000.0,3905000.0,0.25,0.84,29.52,"November 24, 00",0.0084
2000-11-27,29.5,30.03,29.03,29.78,6476800.0,6476800.0,-0.28,-0.949,29.61333,"November 27, 00",-0.00949
2000-11-28,29.94,30.38,29.94,30.22,5817800.0,5817800.0,-0.28,-0.935,30.18,"November 28, 00",-0.00935
2000-11-29,30.22,31.25,29.88,31.06,9692000.0,9692000.0,-0.84,-2.78,30.73,"November 29, 00",-0.0278
2000-11-30,31.06,31.31,30.72,31.31,12816400.0,12816400.0,-0.25,-0.805,31.11333,"November 30, 00",-0.00805
2000-12-01,31.19,31.19,30.66,31.09,8201200.0,8201200.0,0.1,0.321,30.98,"December 01, 00",0.00321
2000-12-04,31.09,31.69,30.94,31.38,8572200.0,8572200.0,-0.29,-0.933,31.33667,"December 04, 00",-0.00933
2000-12-05,31.38,31.41,30.34,30.72,9266800.0,9266800.0,0.66,2.103,30.82333,"December 05, 00",0.02103
2000-12-06,30.72,30.91,30.19,30.44,7761200.0,7761200.0,0.28,0.911,30.51333,"December 06, 00",0.00911
2000-12-07,30.44,31.53,30.28,31.19,7895200.0,7895200.0,-0.75,-2.464,31.0,"December 07, 00",-0.02464
2000-12-08,30.99,30.99,30.31,30.44,8300800.0,8300800.0,0.55,1.775,30.58,"December 08, 00",0.01775
2000-12-11,30.09,30.09,29.09,29.16,11578000.0,11578000.0,0.93,3.091,29.44667,"December 11, 00",0.03091
2000-12-12,29.16,29.34,28.81,29.0,8008200.0,8008200.0,0.16,0.549,29.05,"December 12, 00",0.00549
2000-12-13,29.0,29.16,28.63,28.91,7409800.0,7409800.0,0.09,0.31,28.9,"December 13, 00",0.0031
2000-12-14,28.72,28.72,27.88,28.5,10047600.0,10047600.0,0.22,0.766,28.36667,"December 14, 00",0.00766
2000-12-15,28.34,28.34,26.75,26.75,27540400.0,27540400.0,1.59,5.61,27.28,"December 15, 00",0.0561
2000-12-18,26.81,27.78,26.81,27.44,10304600.0,10304600.0,-0.63,-2.35,27.34333,"December 18, 00",-0.0235
2000-12-19,27.44,28.97,27.34,28.38,11688200.0,11688200.0,-0.94,-3.426,28.23,"December 19, 00",-0.03426
2000-12-20,28.38,29.0,27.78,28.13,13344200.0,13344200.0,0.25,0.881,28.30333,"December 20, 00",0.00881
2000-12-21,28.13,29.81,28.06,29.69,11930800.0,11930800.0,-1.56,-5.546,29.18667,"December 21, 00",-0.05546
2000-12-22,29.5,29.5,28.75,29.44,7483600.0,7483600.0,0.06,0.203,29.23,"December 22, 00",0.00203
2000-12-26,29.44,30.0,29.31,30.0,5670000.0,5670000.0,-0.56,-1.902,29.77,"December 26, 00",-0.01902
2000-12-27,30.0,30.69,30.0,30.28,7711000.0,7711000.0,-0.28,-0.933,30.32333,"December 27, 00",-0.00933
2000-12-28,30.28,30.97,30.28,30.53,5520800.0,5520800.0,-0.25,-0.826,30.59333,"December 28, 00",-0.00826
2000-12-29,30.53,30.56,30.09,30.47,4970400.0,4970400.0,0.06,0.197,30.37333,"December 29, 00",0.00197
2001-01-02,30.47,30.97,30.13,30.41,10606000.0,10606000.0,0.06,0.197,30.50333,"January 02, 01",0.00197
2001-01-03,30.41,31.09,29.53,29.63,12469600.0,12469600.0,0.78,2.565,30.08333,"January 03, 01",0.02565
2001-01-04,29.44,29.44,28.38,28.78,14770600.0,14770600.0,0.66,2.242,28.86667,"January 04, 01",0.02242
2001-01-05,28.78,29.38,28.75,28.84,7960200.0,7960200.0,-0.06,-0.208,28.99,"January 05, 01",-0.00208
2001-01-08,28.91,29.84,28.91,29.31,9529200.0,9529200.0,-0.4,-1.384,29.35333,"January 08, 01",-0.01384
2001-01-09,29.31,29.97,28.81,29.69,8516200.0,8516200.0,-0.38,-1.296,29.49,"January 09, 01",-0.01296
2001-01-10,29.63,29.63,28.94,29.56,7963200.0,7963200.0,0.07,0.236,29.37667,"January 10, 01",0.00236
2001-01-11,29.44,29.44,28.56,28.69,6909000.0,6909000.0,0.75,2.548,28.89667,"January 11, 01",0.02548
2001-01-12,28.69,28.72,28.13,28.31,7212000.0,7212000.0,0.38,1.325,28.38667,"January 12, 01",0.01325
2001-01-16,28.31,28.66,28.09,28.5,7163600.0,7163600.0,-0.19,-0.671,28.41667,"January 16, 01",-0.00671
2001-01-17,28.53,29.34,28.53,28.97,7651800.0,7651800.0,-0.44,-1.542,28.94667,"January 17, 01",-0.01542
2001-01-18,28.97,29.34,28.47,28.56,7014400.0,7014400.0,0.41,1.415,28.79,"January 18, 01",0.01415
2001-01-19,28.56,28.56,27.66,27.91,9824200.0,9824200.0,0.65,2.276,28.04333,"January 19, 01",0.02276
2001-01-22,27.91,28.03,27.59,27.84,6874600.0,6874600.0,0.07,0.251,27.82,"January 22, 01",0.00251
2001-01-23,27.84,28.59,27.72,28.44,7707800.0,7707800.0,-0.6,-2.155,28.25,"January 23, 01",-0.02155
2001-01-24,28.44,29.03,28.06,29.03,9189400.0,9189400.0,-0.59,-2.075,28.70667,"January 24, 01",-0.02075
2001-01-25,29.03,29.5,28.91,29.31,7486800.0,7486800.0,-0.28,-0.965,29.24,"January 25, 01",-0.00965
2001-01-26,29.31,29.59,28.75,28.97,6394600.0,6394600.0,0.34,1.16,29.10333,"January 26, 01",0.0116
2001-01-29,28.8,28.85,28.26,28.56,5123000.0,5123000.0,0.24,0.833,28.55667,"January 29, 01",0.00833
2001-01-30,28.63,29.14,28.63,28.96,5507600.0,5507600.0,-0.33,-1.153,28.91,"January 30, 01",-0.01153
2001-01-31,28.96,29.1,28.29,29.0,8614000.0,8614000.0,-0.04,-0.138,28.79667,"January 31, 01",-0.00138
2001-02-01,28.75,28.75,28.31,28.72,6720800.0,6720800.0,0.03,0.104,28.59333,"February 01, 01",0.00104
2001-02-02,28.72,28.99,28.59,28.87,6059400.0,6059400.0,-0.15,-0.522,28.81667,"February 02, 01",-0.00522
2001-02-05,28.87,29.81,28.81,29.6,9183600.0,9183600.0,-0.73,-2.529,29.40667,"February 05, 01",-0.02529
2001-02-06,29.6,29.89,29.17,29.71,6257000.0,6257000.0,-0.11,-0.372,29.59,"February 06, 01",-0.00372
2001-02-07,29.71,30.27,29.64,30.0,9615600.0,9615600.0,-0.29,-0.976,29.97,"February 07, 01",-0.00976
2001-02-08,30.0,30.5,29.78,30.31,6654600.0,6654600.0,-0.31,-1.033,30.19667,"February 08, 01",-0.01033
2001-02-09,30.31,30.47,29.98,30.07,4456400.0,4456400.0,0.24,0.792,30.17333,"February 09, 01",0.00792
2001-02-12,30.07,30.43,29.75,30.41,6766000.0,6766000.0,-0.34,-1.131,30.19667,"February 12, 01",-0.01131
2001-02-13,30.04,30.04,29.73,29.98,6660600.0,6660600.0,0.06,0.2,29.91667,"February 13, 01",0.002
2001-02-14,29.92,29.92,29.57,29.75,5678000.0,5678000.0,0.17,0.568,29.74667,"February 14, 01",0.00568
2001-02-15,29.48,29.48,28.5,29.18,11421200.0,11421200.0,0.3,1.018,29.05333,"February 15, 01",0.01018
2001-02-16,29.21,29.74,29.21,29.68,7635600.0,7635600.0,-0.47,-1.609,29.54333,"February 16, 01",-0.01609
2001-02-20,29.68,30.49,29.2,29.24,15772000.0,15772000.0,0.44,1.482,29.64333,"February 20, 01",0.01482
2001-02-21,28.15,28.15,27.06,27.46,19289000.0,19289000.0,0.69,2.451,27.55667,"February 21, 01",0.02451
2001-02-22,27.46,27.46,25.71,26.5,18957800.0,18957800.0,0.96,3.496,26.55667,"February 22, 01",0.03496
2001-02-23,26.4,26.4,25.75,26.0,9069200.0,9069200.0,0.4,1.515,26.05,"February 23, 01",0.01515
2001-02-26,26.0,26.29,25.73,26.24,9415600.0,9415600.0,-0.24,-0.923,26.08667,"February 26, 01",-0.00923
2001-02-27,26.24,26.42,25.77,26.0,7369600.0,7369600.0,0.24,0.915,26.06333,"February 27, 01",0.00915
2001-02-28,26.0,26.58,25.96,26.51,11189600.0,11189600.0,-0.51,-1.962,26.35,"February 28, 01",-0.01962
2001-03-01,26.51,26.95,26.17,26.35,9725000.0,9725000.0,0.16,0.604,26.49,"March 01, 01",0.00604
2001-03-02,26.35,26.53,26.0,26.28,9115800.0,9115800.0,0.07,0.266,26.27,"March 02, 01",0.00266
2001-03-05,25.65,25.65,24.76,25.1,14449600.0,14449600.0,0.55,2.144,25.17,"March 05, 01",0.02144
2001-03-06,25.1,25.1,24.7,24.9,9274600.0,9274600.0,0.2,0.797,24.9,"March 06, 01",0.00797
2001-03-07,24.9,25.4,24.9,25.22,10325800.0,10325800.0,-0.32,-1.285,25.17333,"March 07, 01",-0.01285
2001-03-08,25.22,25.74,25.11,25.7,9774600.0,9774600.0,-0.48,-1.903,25.51667,"March 08, 01",-0.01903
2001-03-09,25.7,25.94,25.49,25.75,7863400.0,7863400.0,-0.05,-0.195,25.72667,"March 09, 01",-0.00195
2001-03-12,25.65,25.65,25.01,25.05,7984800.0,7984800.0,0.6,2.339,25.23667,"March 12, 01",0.02339
2001-03-13,24.5,24.5,24.15,24.38,10361200.0,10361200.0,0.12,0.49,24.34333,"March 13, 01",0.0049
2001-03-14,24.16,24.16,23.13,23.83,14145800.0,14145800.0,0.33,1.366,23.70667,"March 14, 01",0.01366
2001-03-15,23.83,23.88,23.1,23.83,9442800.0,9442800.0,0.0,0.0,23.60333,"March 15, 01",0.0
2001-03-16,23.83,24.87,23.56,24.33,18494000.0,18494000.0,-0.5,-2.098,24.25333,"March 16, 01",-0.02098
2001-03-19,24.33,24.55,24.02,24.2,7439600.0,7439600.0,0.13,0.534,24.25667,"March 19, 01",0.00534
2001-03-20,24.2,24.39,23.53,23.72,8841200.0,8841200.0,0.48,1.983,23.88,"March 20, 01",0.01983
2001-03-21,23.72,24.0,22.63,22.63,18423000.0,18423000.0,1.09,4.595,23.08667,"March 21, 01",0.04595
2001-03-22,22.63,23.1,22.25,22.86,14688800.0,14688800.0,-0.23,-1.016,22.73667,"March 22, 01",-0.01016
2001-03-23,22.75,22.75,22.0,22.75,15672800.0,15672800.0,0.0,0.0,22.5,"March 23, 01",0.0
2001-03-26,22.75,23.05,22.25,22.45,11227600.0,11227600.0,0.3,1.319,22.58333,"March 26, 01",0.01319
2001-03-27,22.45,23.47,22.29,23.31,13466000.0,13466000.0,-0.86,-3.831,23.02333,"March 27, 01",-0.03831
2001-03-28,23.31,23.63,22.42,22.98,14176000.0,14176000.0,0.33,1.416,23.01,"March 28, 01",0.01416
2001-03-29,22.6,22.6,21.88,22.26,15293800.0,15293800.0,0.34,1.504,22.24667,"March 29, 01",0.01504
2001-03-30,22.26,22.75,22.2,22.58,10279600.0,10279600.0,-0.32,-1.438,22.51,"March 30, 01",-0.01438
2001-04-02,22.58,23.46,22.43,22.92,10424800.0,10424800.0,-0.34,-1.506,22.93667,"April 02, 01",-0.01506
2001-04-03,22.85,22.85,22.09,22.33,9345400.0,9345400.0,0.52,2.276,22.42333,"April 03, 01",0.02276
2001-04-04,22.33,23.03,22.08,22.63,8798600.0,8798600.0,-0.3,-1.343,22.58,"April 04, 01",-0.01343
2001-04-05,22.63,23.3,22.31,22.65,9242200.0,9242200.0,-0.02,-0.088,22.75333,"April 05, 01",-0.00088
2001-04-06,22.65,22.67,21.92,22.5,7907800.0,7907800.0,0.15,0.662,22.36333,"April 06, 01",0.00662
2001-04-09,22.5,22.8,21.95,21.95,8231600.0,8231600.0,0.55,2.444,22.23333,"April 09, 01",0.02444
2001-04-10,21.95,22.15,21.61,21.83,11896400.0,11896400.0,0.12,0.547,21.86333,"April 10, 01",0.00547
2001-04-11,21.83,22.38,21.18,22.07,13748400.0,13748400.0,-0.24,-1.099,21.87667,"April 11, 01",-0.01099
2001-04-12,22.07,22.45,21.33,22.29,10429200.0,10429200.0,-0.22,-0.997,22.02333,"April 12, 01",-0.00997
2001-04-16,22.29,22.75,22.08,22.71,8287000.0,8287000.0,-0.42,-1.884,22.51333,"April 16, 01",-0.01884
2001-04-17,22.71,22.85,22.41,22.85,8815800.0,8815800.0,-0.14,-0.616,22.70333,"April 17, 01",-0.00616
2001-04-18,22.86,23.54,22.86,23.38,14767400.0,14767400.0,-0.52,-2.275,23.26,"April 18, 01",-0.02275
2001-04-19,23.38,23.89,23.02,23.75,10836400.0,10836400.0,-0.37,-1.583,23.55333,"April 19, 01",-0.01583
2001-04-20,23.63,23.63,23.14,23.5,9167200.0,9167200.0,0.13,0.55,23.42333,"April 20, 01",0.0055
2001-04-23,23.51,23.95,23.51,23.73,6661000.0,6661000.0,-0.22,-0.936,23.73,"April 23, 01",-0.00936
2001-04-24,23.73,24.23,23.58,23.7,8686800.0,8686800.0,0.03,0.126,23.83667,"April 24, 01",0.00126
2001-04-25,23.7,24.2,23.7,24.1,6495400.0,6495400.0,-0.4,-1.688,24.0,"April 25, 01",-0.01688
2001-04-26,23.99,23.99,23.45,23.45,8592800.0,8592800.0,0.54,2.251,23.63,"April 26, 01",0.02251
2001-04-27,23.45,23.75,23.0,23.5,6961800.0,6961800.0,-0.05,-0.213,23.41667,"April 27, 01",-0.00213
2001-04-30,23.38,23.38,22.92,23.09,7674000.0,7674000.0,0.29,1.24,23.13,"April 30, 01",0.0124
2001-05-01,23.09,24.1,23.07,23.82,8458000.0,8458000.0,-0.73,-3.162,23.66333,"May 01, 01",-0.03162
2001-05-02,23.82,23.95,23.58,23.79,7669600.0,7669600.0,0.03,0.126,23.77333,"May 02, 01",0.00126
2001-05-03,23.78,23.78,23.2,23.38,8591600.0,8591600.0,0.4,1.682,23.45333,"May 03, 01",0.01682
2001-05-04,23.38,23.49,22.91,23.42,8819000.0,8819000.0,-0.04,-0.171,23.27333,"May 04, 01",-0.00171
2001-05-07,23.42,23.45,23.21,23.41,7014600.0,7014600.0,0.01,0.043,23.35667,"May 07, 01",0.00043
2001-05-08,23.35,23.35,23.0,23.29,6875600.0,6875600.0,0.06,0.257,23.21333,"May 08, 01",0.00257
2001-05-09,23.29,23.29,22.7,22.88,10038000.0,10038000.0,0.41,1.76,22.95667,"May 09, 01",0.0176
2001-05-10,22.88,23.13,22.76,22.81,7317200.0,7317200.0,0.07,0.306,22.9,"May 10, 01",0.00306
2001-05-11,22.81,22.95,22.3,22.65,9636400.0,9636400.0,0.16,0.701,22.63333,"May 11, 01",0.00701
2001-05-14,22.67,23.06,22.67,23.0,7585600.0,7585600.0,-0.33,-1.456,22.91,"May 14, 01",-0.01456
2001-05-15,23.0,23.06,22.61,22.95,6936400.0,6936400.0,0.05,0.217,22.87333,"May 15, 01",0.00217
2001-05-16,22.95,24.21,22.76,24.12,11359000.0,11359000.0,-1.17,-5.098,23.69667,"May 16, 01",-0.05098
2001-05-17,24.12,24.35,23.83,24.07,9574800.0,9574800.0,0.05,0.207,24.08333,"May 17, 01",0.00207
2001-05-18,24.07,24.15,23.85,24.05,6726000.0,6726000.0,0.02,0.083,24.01667,"May 18, 01",0.00083
2001-05-21,24.05,24.17,23.66,24.15,7996600.0,7996600.0,-0.1,-0.416,23.99333,"May 21, 01",-0.00416
2001-05-22,24.08,24.08,23.78,23.9,5928600.0,5928600.0,0.18,0.748,23.92,"May 22, 01",0.00748
2001-05-23,23.9,24.35,23.65,24.35,8525800.0,8525800.0,-0.45,-1.883,24.11667,"May 23, 01",-0.01883
2001-05-24,24.35,24.67,24.25,24.55,6694000.0,6694000.0,-0.2,-0.821,24.49,"May 24, 01",-0.00821
2001-05-25,24.55,24.55,23.95,24.08,4007000.0,4007000.0,0.47,1.914,24.19333,"May 25, 01",0.01914
2001-05-29,24.08,24.4,24.08,24.17,4531800.0,4531800.0,-0.09,-0.374,24.21667,"May 29, 01",-0.00374
2001-05-30,24.17,24.33,23.89,23.94,5220400.0,5220400.0,0.23,0.952,24.05333,"May 30, 01",0.00952
2001-05-31,23.77,23.77,23.48,23.7,7223400.0,7223400.0,0.07,0.294,23.65,"May 31, 01",0.00294
2001-06-01,23.7,23.95,23.5,23.91,6972600.0,6972600.0,-0.21,-0.886,23.78667,"June 01, 01",-0.00886
2001-06-04,23.8,23.8,23.45,23.79,4484800.0,4484800.0,0.01,0.042,23.68,"June 04, 01",0.00042
2001-06-05,23.79,23.83,23.24,23.81,6841400.0,6841400.0,-0.02,-0.084,23.62667,"June 05, 01",-0.00084
2001-06-06,23.75,23.75,23.18,23.38,7095400.0,7095400.0,0.37,1.558,23.43667,"June 06, 01",0.01558
2001-06-07,23.38,23.59,22.93,23.06,6785400.0,6785400.0,0.32,1.369,23.19333,"June 07, 01",0.01369
2001-06-08,23.06,23.12,22.83,23.0,4425000.0,4425000.0,0.06,0.26,22.98333,"June 08, 01",0.0026
2001-06-11,23.0,23.06,22.75,22.97,3476200.0,3476200.0,0.03,0.13,22.92667,"June 11, 01",0.0013
2001-06-12,22.97,23.07,22.75,22.96,4899400.0,4899400.0,0.01,0.044,22.92667,"June 12, 01",0.00044
2001-06-13,22.95,22.95,22.7,22.92,5575600.0,5575600.0,0.03,0.131,22.85667,"June 13, 01",0.00131
2001-06-14,22.84,22.84,22.42,22.51,7021600.0,7021600.0,0.33,1.445,22.59,"June 14, 01",0.01445
2001-06-15,22.51,22.59,22.06,22.13,13749800.0,13749800.0,0.38,1.688,22.26,"June 15, 01",0.01688
2001-06-18,22.13,22.23,21.74,21.89,6354400.0,6354400.0,0.24,1.085,21.95333,"June 18, 01",0.01085
2001-06-19,21.89,22.05,21.77,21.88,5441000.0,5441000.0,0.01,0.046,21.9,"June 19, 01",0.00046
2001-06-20,21.88,22.12,21.73,21.97,8301800.0,8301800.0,-0.09,-0.411,21.94,"June 20, 01",-0.00411
2001-06-21,21.97,22.24,21.78,21.8,10298800.0,10298800.0,0.17,0.774,21.94,"June 21, 01",0.00774
2001-06-22,21.8,21.86,21.3,21.42,9211200.0,9211200.0,0.38,1.743,21.52667,"June 22, 01",0.01743
2001-06-25,21.63,22.1,21.63,21.8,14690600.0,14690600.0,-0.17,-0.786,21.84333,"June 25, 01",-0.00786
2001-06-26,21.8,22.15,21.51,21.98,20446600.0,20446600.0,-0.18,-0.826,21.88,"June 26, 01",-0.00826
2001-06-27,21.98,22.17,21.88,22.09,12653800.0,12653800.0,-0.11,-0.5,22.04667,"June 27, 01",-0.005
2001-06-28,22.11,22.71,22.11,22.67,15615000.0,15615000.0,-0.56,-2.533,22.49667,"June 28, 01",-0.02533
2001-06-29,22.75,22.83,22.43,22.5,13146800.0,13146800.0,0.25,1.099,22.58667,"June 29, 01",0.01099
2001-07-02,22.5,23.03,22.33,22.8,7314800.0,7314800.0,-0.3,-1.333,22.72,"July 02, 01",-0.01333
2001-07-03,22.81,23.0,22.81,22.97,3896200.0,3896200.0,-0.16,-0.701,22.92667,"July 03, 01",-0.00701
2001-07-05,22.94,22.94,22.51,22.62,5515000.0,5515000.0,0.32,1.395,22.69,"July 05, 01",0.01395
2001-07-06,22.62,22.75,22.29,22.3,5020200.0,5020200.0,0.32,1.415,22.44667,"July 06, 01",0.01415
2001-07-09,22.3,22.84,22.28,22.61,4552000.0,4552000.0,-0.31,-1.39,22.57667,"July 09, 01",-0.0139
2001-07-10,22.61,22.65,22.23,22.33,9439200.0,9439200.0,0.28,1.238,22.40333,"July 10, 01",0.01238
2001-07-11,22.33,22.88,22.15,22.75,7234200.0,7234200.0,-0.42,-1.881,22.59333,"July 11, 01",-0.01881
2001-07-12,22.75,22.75,22.45,22.75,6950800.0,6950800.0,0.0,0.0,22.65,"July 12, 01",0.0
2001-07-13,22.75,23.07,22.56,23.0,6472800.0,6472800.0,-0.25,-1.099,22.87667,"July 13, 01",-0.01099
2001-07-16,23.03,23.49,23.03,23.49,8402400.0,8402400.0,-0.46,-1.997,23.33667,"July 16, 01",-0.01997
2001-07-17,23.49,23.6,22.96,23.57,7532000.0,7532000.0,-0.08,-0.341,23.37667,"July 17, 01",-0.00341
2001-07-18,23.48,23.48,22.81,23.11,8188800.0,8188800.0,0.37,1.576,23.13333,"July 18, 01",0.01576
2001-07-19,23.11,23.45,22.9,23.35,5038400.0,5038400.0,-0.24,-1.039,23.23333,"July 19, 01",-0.01039
2001-07-20,23.35,23.39,22.9,23.06,7086000.0,7086000.0,0.29,1.242,23.11667,"July 20, 01",0.01242
2001-07-23,23.03,23.03,22.12,22.24,10382000.0,10382000.0,0.79,3.43,22.46333,"July 23, 01",0.0343
2001-07-24,22.24,22.3,21.83,22.1,9968400.0,9968400.0,0.14,0.629,22.07667,"July 24, 01",0.00629
2001-07-25,22.1,22.51,22.0,22.49,7287400.0,7287400.0,-0.39,-1.765,22.33333,"July 25, 01",-0.01765
2001-07-26,22.49,22.5,22.2,22.5,6933200.0,6933200.0,-0.01,-0.044,22.4,"July 26, 01",-0.00044
2001-07-27,22.5,22.55,22.1,22.4,4724000.0,4724000.0,0.1,0.444,22.35,"July 27, 01",0.00444
2001-07-30,22.27,22.4,22.0,22.13,5806800.0,5806800.0,0.14,0.629,22.17667,"July 30, 01",0.00629
2001-07-31,22.13,22.37,21.9,22.3,8695000.0,8695000.0,-0.17,-0.768,22.19,"July 31, 01",-0.00768
2001-08-01,22.35,22.38,21.88,22.04,7926000.0,7926000.0,0.31,1.387,22.1,"August 01, 01",0.01387
2001-08-02,22.17,22.22,21.75,21.96,10578800.0,10578800.0,0.21,0.947,21.97667,"August 02, 01",0.00947
2001-08-03,22.1,22.39,22.05,22.35,11690800.0,11690800.0,-0.25,-1.131,22.26333,"August 03, 01",-0.01131
2001-08-06,22.39,22.49,22.15,22.31,7596400.0,7596400.0,0.08,0.357,22.31667,"August 06, 01",0.00357
2001-08-07,22.34,22.44,22.21,22.44,8588000.0,8588000.0,-0.1,-0.448,22.36333,"August 07, 01",-0.00448
2001-08-08,22.4,22.92,22.28,22.75,13201200.0,13201200.0,-0.35,-1.563,22.65,"August 08, 01",-0.01563
2001-08-09,22.66,22.85,22.5,22.81,9790400.0,9790400.0,-0.15,-0.662,22.72,"August 09, 01",-0.00662
2001-08-10,22.65,22.99,22.23,22.83,7793800.0,7793800.0,-0.18,-0.795,22.68333,"August 10, 01",-0.00795
2001-08-13,22.75,22.98,22.67,22.9,5174200.0,5174200.0,-0.15,-0.659,22.85,"August 13, 01",-0.00659
2001-08-14,22.95,23.05,22.85,23.02,6728200.0,6728200.0,-0.07,-0.305,22.97333,"August 14, 01",-0.00305
2001-08-15,23.1,23.85,23.08,23.79,15860400.0,15860400.0,-0.69,-2.987,23.57333,"August 15, 01",-0.02987
2001-08-16,23.79,23.88,23.46,23.86,9601600.0,9601600.0,-0.07,-0.294,23.73333,"August 16, 01",-0.00294
2001-08-17,23.86,23.95,23.5,23.77,6383600.0,6383600.0,0.09,0.377,23.74,"August 17, 01",0.00377
2001-08-20,23.95,24.27,23.86,24.27,8027400.0,8027400.0,-0.32,-1.336,24.13333,"August 20, 01",-0.01336
2001-08-21,24.25,24.39,24.03,24.16,8164600.0,8164600.0,0.09,0.371,24.19333,"August 21, 01",0.00371
2001-08-22,24.16,24.17,23.91,24.13,7915600.0,7915600.0,0.03,0.124,24.07,"August 22, 01",0.00124
2001-08-23,24.24,24.8,24.11,24.73,9309600.0,9309600.0,-0.49,-2.021,24.54667,"August 23, 01",-0.02021
2001-08-24,24.7,24.92,24.41,24.61,8325400.0,8325400.0,0.09,0.364,24.64667,"August 24, 01",0.00364
2001-08-27,24.5,24.62,24.2,24.25,8020400.0,8020400.0,0.25,1.02,24.35667,"August 27, 01",0.0102
2001-08-28,24.25,24.25,23.8,23.93,6329800.0,6329800.0,0.32,1.32,23.99333,"August 28, 01",0.0132
2001-08-29,23.98,24.05,23.66,23.85,5472200.0,5472200.0,0.13,0.542,23.85333,"August 29, 01",0.00542
2001-08-30,24.05,24.88,24.03,24.4,13128600.0,13128600.0,-0.35,-1.455,24.43667,"August 30, 01",-0.01455
2001-08-31,24.16,24.54,24.15,24.33,7670800.0,7670800.0,-0.17,-0.704,24.34,"August 31, 01",-0.00704
2001-09-04,24.46,25.2,24.23,24.75,14190400.0,14190400.0,-0.29,-1.186,24.72667,"September 04, 01",-0.01186
2001-09-05,24.4,25.35,24.4,25.23,13798400.0,13798400.0,-0.83,-3.402,24.99333,"September 05, 01",-0.03402
2001-09-06,25.18,25.18,24.72,24.75,10386200.0,10386200.0,0.43,1.708,24.88333,"September 06, 01",0.01708
2001-09-07,24.63,24.99,24.58,24.87,12133000.0,12133000.0,-0.24,-0.974,24.81333,"September 07, 01",-0.00974
2001-09-10,24.87,25.09,24.75,24.98,13732600.0,13732600.0,-0.11,-0.442,24.94,"September 10, 01",-0.00442
2001-09-17,24.75,25.1,24.36,25.1,20256600.0,20256600.0,-0.35,-1.414,24.85333,"September 17, 01",-0.01414
2001-09-18,25.15,25.16,24.48,24.74,11112000.0,11112000.0,0.41,1.63,24.79333,"September 18, 01",0.0163
2001-09-19,24.86,24.97,24.17,24.75,14416000.0,14416000.0,0.11,0.442,24.63,"September 19, 01",0.00442
2001-09-20,24.41,24.71,24.15,24.17,16598600.0,16598600.0,0.24,0.983,24.34333,"September 20, 01",0.00983
2001-09-21,23.0,23.92,22.63,23.4,23054200.0,23054200.0,-0.4,-1.739,23.31667,"September 21, 01",-0.01739
2001-09-24,23.41,24.35,23.41,24.01,13608400.0,13608400.0,-0.6,-2.563,23.92333,"September 24, 01",-0.02563
2001-09-25,23.92,24.63,23.91,24.0,17787200.0,17787200.0,-0.08,-0.334,24.18,"September 25, 01",-0.00334
2001-09-26,23.95,24.0,23.38,23.45,11593800.0,11593800.0,0.5,2.088,23.61,"September 26, 01",0.02088
2001-09-27,23.49,23.54,23.25,23.48,11084800.0,11084800.0,0.01,0.043,23.42333,"September 27, 01",0.00043
2001-09-28,23.53,23.63,23.36,23.42,11554000.0,11554000.0,0.11,0.467,23.47,"September 28, 01",0.00467
2001-10-01,23.25,23.37,22.92,23.05,12393400.0,12393400.0,0.2,0.86,23.11333,"October 01, 01",0.0086
2001-10-02,23.13,23.24,22.75,23.08,9414200.0,9414200.0,0.05,0.216,23.02333,"October 02, 01",0.00216
2001-10-03,22.98,23.0,22.68,22.9,11105800.0,11105800.0,0.08,0.348,22.86,"October 03, 01",0.00348
2001-10-04,22.5,22.64,22.41,22.58,12277400.0,12277400.0,-0.08,-0.356,22.54333,"October 04, 01",-0.00356
2001-10-05,22.5,22.95,22.15,22.75,10504800.0,10504800.0,-0.25,-1.111,22.61667,"October 05, 01",-0.01111
2001-10-08,22.74,23.25,22.68,23.08,6919000.0,6919000.0,-0.34,-1.495,23.00333,"October 08, 01",-0.01495
2001-10-09,22.88,23.12,22.74,23.09,5939800.0,5939800.0,-0.21,-0.918,22.98333,"October 09, 01",-0.00918
2001-10-10,23.08,23.17,22.86,23.08,8301800.0,8301800.0,0.0,0.0,23.03667,"October 10, 01",0.0
2001-10-11,23.0,23.25,22.8,23.03,9565400.0,9565400.0,-0.03,-0.13,23.02667,"October 11, 01",-0.0013
2001-10-12,22.58,22.67,22.0,22.4,16640000.0,16640000.0,0.18,0.797,22.35667,"October 12, 01",0.00797
2001-10-15,22.1,22.4,22.03,22.25,9715400.0,9715400.0,-0.15,-0.679,22.22667,"October 15, 01",-0.00679
2001-10-16,22.25,22.4,22.15,22.27,9620000.0,9620000.0,-0.02,-0.09,22.27333,"October 16, 01",-0.0009
2001-10-17,22.4,22.45,22.13,22.14,10608200.0,10608200.0,0.26,1.161,22.24,"October 17, 01",0.01161
2001-10-18,22.17,23.1,22.17,23.06,15165200.0,15165200.0,-0.89,-4.014,22.77667,"October 18, 01",-0.04014
2001-10-19,23.6,24.44,23.5,24.3,23672000.0,23672000.0,-0.7,-2.966,24.08,"October 19, 01",-0.02966
2001-10-22,24.06,24.5,23.88,24.49,12130800.0,12130800.0,-0.43,-1.787,24.29,"October 22, 01",-0.01787
2001-10-23,24.49,24.49,24.15,24.43,8877600.0,8877600.0,0.06,0.245,24.35667,"October 23, 01",0.00245
2001-10-24,24.33,24.5,24.27,24.39,6779200.0,6779200.0,-0.06,-0.247,24.38667,"October 24, 01",-0.00247
2001-10-25,24.13,24.75,24.13,24.72,7438400.0,7438400.0,-0.59,-2.445,24.53333,"October 25, 01",-0.02445
2001-10-26,24.5,24.75,24.44,24.57,6475600.0,6475600.0,-0.07,-0.286,24.58667,"October 26, 01",-0.00286
2001-10-29,24.5,24.58,24.25,24.31,5771000.0,5771000.0,0.19,0.776,24.38,"October 29, 01",0.00776
2001-10-30,24.05,24.4,23.79,24.08,7737200.0,7737200.0,-0.03,-0.125,24.09,"October 30, 01",-0.00125
2001-10-31,24.08,24.16,23.87,23.94,6391000.0,6391000.0,0.14,0.581,23.99,"October 31, 01",0.00581
2001-11-01,23.7,24.34,23.68,24.3,7242800.0,7242800.0,-0.6,-2.532,24.10667,"November 01, 01",-0.02532
2001-11-02,24.01,24.48,23.95,24.44,5705000.0,5705000.0,-0.43,-1.791,24.29,"November 02, 01",-0.01791
2001-11-05,24.15,24.8,24.15,24.65,7725800.0,7725800.0,-0.5,-2.07,24.53333,"November 05, 01",-0.0207
2001-11-06,24.53,24.92,24.43,24.92,6333000.0,6333000.0,-0.39,-1.59,24.75667,"November 06, 01",-0.0159
2001-11-07,24.7,24.95,24.56,24.7,5599600.0,5599600.0,0.0,0.0,24.73667,"November 07, 01",0.0
2001-11-08,24.63,24.8,24.4,24.54,7392800.0,7392800.0,0.09,0.365,24.58,"November 08, 01",0.00365
2001-11-09,24.38,24.67,24.28,24.61,5188800.0,5188800.0,-0.23,-0.943,24.52,"November 09, 01",-0.00943
2001-11-12,24.48,24.75,24.37,24.66,4106200.0,4106200.0,-0.18,-0.735,24.59333,"November 12, 01",-0.00735
2001-11-13,24.7,24.86,24.57,24.83,5599600.0,5599600.0,-0.13,-0.526,24.75333,"November 13, 01",-0.00526
2001-11-14,24.88,25.04,24.8,25.0,8670400.0,8670400.0,-0.12,-0.482,24.94667,"November 14, 01",-0.00482
2001-11-15,25.05,25.23,24.88,25.0,10053200.0,10053200.0,0.05,0.2,25.03667,"November 15, 01",0.002
2001-11-16,25.22,25.22,24.89,24.97,8534600.0,8534600.0,0.25,0.991,25.02667,"November 16, 01",0.00991
2001-11-19,25.05,25.1,24.56,24.74,6804200.0,6804200.0,0.31,1.238,24.8,"November 19, 01",0.01238
2001-11-20,24.45,24.63,24.35,24.5,7764200.0,7764200.0,-0.05,-0.204,24.49333,"November 20, 01",-0.00204
2001-11-21,24.3,24.5,24.26,24.38,4568600.0,4568600.0,-0.08,-0.329,24.38,"November 21, 01",-0.00329
2001-11-23,24.25,24.58,24.25,24.58,2171600.0,2171600.0,-0.33,-1.361,24.47,"November 23, 01",-0.01361
2001-11-26,24.48,24.55,24.05,24.16,8057400.0,8057400.0,0.32,1.307,24.25333,"November 26, 01",0.01307
2001-11-27,24.16,24.19,23.75,24.0,7262400.0,7262400.0,0.16,0.662,23.98,"November 27, 01",0.00662
2001-11-28,23.61,23.69,23.29,23.38,9075800.0,9075800.0,0.23,0.974,23.45333,"November 28, 01",0.00974
2001-11-29,23.48,23.64,23.23,23.54,7146400.0,7146400.0,-0.06,-0.256,23.47,"November 29, 01",-0.00256
2001-11-30,23.5,23.63,23.38,23.48,6975200.0,6975200.0,0.02,0.085,23.49667,"November 30, 01",0.00085
2001-12-03,23.17,23.38,23.06,23.26,8425800.0,8425800.0,-0.09,-0.388,23.23333,"December 03, 01",-0.00388
2001-12-04,23.47,23.53,23.15,23.28,7857600.0,7857600.0,0.19,0.81,23.32,"December 04, 01",0.0081
2001-12-05,23.64,23.7,23.48,23.56,12115800.0,12115800.0,0.08,0.338,23.58,"December 05, 01",0.00338
2001-12-06,23.35,23.45,23.08,23.22,7025800.0,7025800.0,0.13,0.557,23.25,"December 06, 01",0.00557
2001-12-07,23.09,23.45,23.05,23.3,6653800.0,6653800.0,-0.21,-0.909,23.26667,"December 07, 01",-0.00909
2001-12-10,23.08,23.43,22.75,22.82,7431400.0,7431400.0,0.26,1.127,23.0,"December 10, 01",0.01127
2001-12-11,22.88,23.11,22.78,22.83,7332600.0,7332600.0,0.05,0.219,22.90667,"December 11, 01",0.00219
2001-12-12,22.83,23.07,22.73,22.99,8400000.0,8400000.0,-0.16,-0.701,22.93,"December 12, 01",-0.00701
2001-12-13,22.92,23.25,22.88,23.12,10977800.0,10977800.0,-0.2,-0.873,23.08333,"December 13, 01",-0.00873
2001-12-14,23.1,23.36,23.04,23.13,6786600.0,6786600.0,-0.03,-0.13,23.17667,"December 14, 01",-0.0013
2001-12-17,23.33,23.33,22.9,23.08,8741400.0,8741400.0,0.25,1.072,23.10333,"December 17, 01",0.01072
2001-12-18,23.23,23.28,22.94,23.25,9842800.0,9842800.0,-0.02,-0.086,23.15667,"December 18, 01",-0.00086
2001-12-19,23.13,23.98,23.13,23.75,15066400.0,15066400.0,-0.62,-2.681,23.62,"December 19, 01",-0.02681
2001-12-20,23.63,24.05,23.62,23.88,9772400.0,9772400.0,-0.25,-1.058,23.85,"December 20, 01",-0.01058
2001-12-21,24.08,24.39,23.89,24.39,16875000.0,16875000.0,-0.31,-1.287,24.22333,"December 21, 01",-0.01287
2001-12-24,24.39,24.4,24.06,24.18,5177400.0,5177400.0,0.21,0.861,24.21333,"December 24, 01",0.00861
2001-12-26,24.03,24.39,23.9,24.26,4803000.0,4803000.0,-0.23,-0.957,24.18333,"December 26, 01",-0.00957
2001-12-27,23.75,23.97,23.74,23.97,7931600.0,7931600.0,-0.22,-0.926,23.89333,"December 27, 01",-0.00926
2001-12-28,23.66,23.72,23.5,23.58,8710400.0,8710400.0,0.08,0.338,23.6,"December 28, 01",0.00338
2001-12-31,23.63,23.85,23.48,23.58,6934000.0,6934000.0,0.05,0.212,23.63667,"December 31, 01",0.00212
2002-01-02,23.4,23.82,23.13,23.74,8848000.0,8848000.0,-0.34,-1.453,23.56333,"January 02, 02",-0.01453
2002-01-03,23.83,23.83,23.25,23.42,10789800.0,10789800.0,0.41,1.721,23.5,"January 03, 02",0.01721
2002-01-04,23.3,23.32,23.01,23.22,10145600.0,10145600.0,0.08,0.343,23.18333,"January 04, 02",0.00343
2002-01-07,22.95,23.5,22.4,22.61,17142800.0,17142800.0,0.34,1.481,22.83667,"January 07, 02",0.01481
2002-01-08,22.74,22.74,22.32,22.33,12292800.0,12292800.0,0.41,1.803,22.46333,"January 08, 02",0.01803
2002-01-09,22.25,22.55,22.24,22.28,12000600.0,12000600.0,-0.03,-0.135,22.35667,"January 09, 02",-0.00135
2002-01-10,22.31,22.48,22.25,22.39,9222800.0,9222800.0,-0.08,-0.359,22.37333,"January 10, 02",-0.00359
2002-01-11,22.48,22.8,22.33,22.65,11290600.0,11290600.0,-0.17,-0.756,22.59333,"January 11, 02",-0.00756
2002-01-14,22.5,22.58,22.15,22.25,16115200.0,16115200.0,0.25,1.111,22.32667,"January 14, 02",0.01111
2002-01-15,22.38,22.41,22.02,22.17,12015800.0,12015800.0,0.21,0.938,22.2,"January 15, 02",0.00938
2002-01-16,22.28,22.4,21.97,22.08,10501000.0,10501000.0,0.2,0.898,22.15,"January 16, 02",0.00898
2002-01-17,22.2,22.6,22.16,22.53,9838000.0,9838000.0,-0.33,-1.486,22.43,"January 17, 02",-0.01486
2002-01-18,22.55,22.73,22.5,22.72,9820800.0,9820800.0,-0.17,-0.754,22.65,"January 18, 02",-0.00754
2002-01-22,22.72,22.97,22.6,22.95,9442400.0,9442400.0,-0.23,-1.012,22.84,"January 22, 02",-0.01012
2002-01-23,22.88,22.88,22.0,22.39,13132600.0,13132600.0,0.49,2.142,22.42333,"January 23, 02",0.02142
2002-01-24,22.5,22.55,21.89,22.11,13154000.0,13154000.0,0.39,1.733,22.18333,"January 24, 02",0.01733
2002-01-25,22.05,22.7,22.01,22.58,8429800.0,8429800.0,-0.53,-2.404,22.43,"January 25, 02",-0.02404
2002-01-28,22.42,22.63,22.25,22.61,9345200.0,9345200.0,-0.19,-0.847,22.49667,"January 28, 02",-0.00847
2002-01-29,22.5,22.58,22.0,22.0,15979600.0,15979600.0,0.5,2.222,22.19333,"January 29, 02",0.02222
2002-01-30,22.13,22.15,21.81,21.92,11985000.0,11985000.0,0.21,0.949,21.96,"January 30, 02",0.00949
2002-01-31,22.05,22.1,21.75,21.88,18087600.0,18087600.0,0.17,0.771,21.91,"January 31, 02",0.00771
2002-02-01,21.88,22.35,21.85,22.34,14601200.0,14601200.0,-0.46,-2.102,22.18,"February 01, 02",-0.02102
2002-02-04,22.34,22.5,22.18,22.34,9806000.0,9806000.0,0.0,0.0,22.34,"February 04, 02",0.0
2002-02-05,22.45,23.05,22.3,22.88,15225200.0,15225200.0,-0.43,-1.915,22.74333,"February 05, 02",-0.01915
2002-02-06,22.9,23.26,22.61,23.25,15027600.0,15027600.0,-0.35,-1.528,23.04,"February 06, 02",-0.01528
2002-02-07,22.95,23.21,22.88,22.94,8603800.0,8603800.0,0.01,0.044,23.01,"February 07, 02",0.00044
2002-02-08,22.71,22.93,22.51,22.92,6663800.0,6663800.0,-0.21,-0.925,22.78667,"February 08, 02",-0.00925
2002-02-11,22.65,23.12,22.65,23.07,9030800.0,9030800.0,-0.42,-1.854,22.94667,"February 11, 02",-0.01854
2002-02-12,22.8,23.07,22.75,23.06,6057000.0,6057000.0,-0.26,-1.14,22.96,"February 12, 02",-0.0114
2002-02-13,22.88,23.19,22.75,23.19,7968400.0,7968400.0,-0.31,-1.355,23.04333,"February 13, 02",-0.01355
2002-02-14,23.08,23.5,23.0,23.5,8097800.0,8097800.0,-0.42,-1.82,23.33333,"February 14, 02",-0.0182
2002-02-15,23.5,23.53,23.33,23.48,12432600.0,12432600.0,0.02,0.085,23.44667,"February 15, 02",0.00085
2002-02-19,23.17,23.43,23.02,23.15,6432600.0,6432600.0,0.02,0.086,23.2,"February 19, 02",0.00086
2002-02-20,23.0,23.5,22.71,23.44,7912000.0,7912000.0,-0.44,-1.913,23.21667,"February 20, 02",-0.01913
2002-02-21,23.38,23.62,22.94,23.0,9376200.0,9376200.0,0.38,1.625,23.18667,"February 21, 02",0.01625
2002-02-22,23.0,23.75,22.95,23.65,12420400.0,12420400.0,-0.65,-2.826,23.45,"February 22, 02",-0.02826
2002-02-25,23.65,23.84,23.5,23.68,8480200.0,8480200.0,-0.03,-0.127,23.67333,"February 25, 02",-0.00127
2002-02-26,23.69,23.83,23.31,23.5,8453000.0,8453000.0,0.19,0.802,23.54667,"February 26, 02",0.00802
2002-02-27,23.48,23.99,23.4,23.74,8153200.0,8153200.0,-0.26,-1.107,23.71,"February 27, 02",-0.01107
2002-02-28,23.95,24.0,23.67,23.7,8506200.0,8506200.0,0.25,1.044,23.79,"February 28, 02",0.01044
2002-03-01,23.48,24.23,23.48,24.21,9108000.0,9108000.0,-0.73,-3.109,23.97333,"March 01, 02",-0.03109
2002-03-04,24.06,24.2,23.6,23.89,9246600.0,9246600.0,0.17,0.707,23.89667,"March 04, 02",0.00707
2002-03-05,23.76,23.96,23.63,23.8,8700000.0,8700000.0,-0.04,-0.168,23.79667,"March 05, 02",-0.00168
2002-03-06,23.58,24.0,23.56,23.77,7829200.0,7829200.0,-0.19,-0.806,23.77667,"March 06, 02",-0.00806
2002-03-07,23.55,23.59,23.17,23.48,11507000.0,11507000.0,0.07,0.297,23.41333,"March 07, 02",0.00297
2002-03-08,23.75,24.08,23.7,23.92,7939800.0,7939800.0,-0.17,-0.716,23.9,"March 08, 02",-0.00716
2002-03-11,24.05,24.05,23.7,23.79,6068800.0,6068800.0,0.26,1.081,23.84667,"March 11, 02",0.01081
2002-03-12,23.7,24.05,23.5,24.05,6878800.0,6878800.0,-0.35,-1.477,23.86667,"March 12, 02",-0.01477
2002-03-13,23.85,24.05,23.8,23.98,6989600.0,6989600.0,-0.13,-0.545,23.94333,"March 13, 02",-0.00545
2002-03-14,24.03,24.17,23.89,23.95,8102200.0,8102200.0,0.08,0.333,24.00333,"March 14, 02",0.00333
2002-03-15,24.17,24.53,24.11,24.32,14707200.0,14707200.0,-0.15,-0.621,24.32,"March 15, 02",-0.00621
2002-03-18,24.4,24.56,24.09,24.33,8276200.0,8276200.0,0.07,0.287,24.32667,"March 18, 02",0.00287
2002-03-19,24.45,24.72,24.42,24.6,8382400.0,8382400.0,-0.15,-0.613,24.58,"March 19, 02",-0.00613
2002-03-20,24.6,24.89,24.56,24.71,7312000.0,7312000.0,-0.11,-0.447,24.72,"March 20, 02",-0.00447
2002-03-21,24.99,25.39,24.93,25.2,15073200.0,15073200.0,-0.21,-0.84,25.17333,"March 21, 02",-0.0084
2002-03-22,25.21,25.74,25.13,25.63,13291000.0,13291000.0,-0.42,-1.666,25.5,"March 22, 02",-0.01666
2002-03-25,25.73,26.05,25.67,25.88,15111000.0,15111000.0,-0.15,-0.583,25.86667,"March 25, 02",-0.00583
2002-03-26,25.88,26.34,25.87,26.3,16579000.0,16579000.0,-0.42,-1.623,26.17,"March 26, 02",-0.01623
2002-03-27,25.98,26.17,25.92,26.15,19315200.0,19315200.0,-0.17,-0.654,26.08,"March 27, 02",-0.00654
2002-03-28,26.15,26.23,25.97,26.13,10190400.0,10190400.0,0.02,0.076,26.11,"March 28, 02",0.00076
2002-04-01,26.0,26.17,25.78,26.15,7959000.0,7959000.0,-0.15,-0.577,26.03333,"April 01, 02",-0.00577
2002-04-02,26.1,26.15,25.85,26.14,8597800.0,8597800.0,-0.04,-0.153,26.04667,"April 02, 02",-0.00153
2002-04-03,25.98,26.08,25.75,25.87,8403000.0,8403000.0,0.11,0.423,25.9,"April 03, 02",0.00423
2002-04-04,25.87,26.21,25.78,26.01,9461600.0,9461600.0,-0.14,-0.541,26.0,"April 04, 02",-0.00541
2002-04-05,25.95,26.14,25.81,26.09,5724800.0,5724800.0,-0.14,-0.539,26.01333,"April 05, 02",-0.00539
2002-04-08,25.8,26.55,25.77,26.5,10295200.0,10295200.0,-0.7,-2.713,26.27333,"April 08, 02",-0.02713
2002-04-09,26.5,26.78,26.38,26.67,8951600.0,8951600.0,-0.17,-0.642,26.61,"April 09, 02",-0.00642
2002-04-10,26.55,27.23,26.51,27.11,8325400.0,8325400.0,-0.56,-2.109,26.95,"April 10, 02",-0.02109
2002-04-11,27.06,27.06,26.51,26.57,8850800.0,8850800.0,0.49,1.811,26.71333,"April 11, 02",0.01811
2002-04-12,26.38,26.75,26.25,26.68,7078600.0,7078600.0,-0.3,-1.137,26.56,"April 12, 02",-0.01137
2002-04-15,26.42,26.5,26.11,26.2,8734000.0,8734000.0,0.22,0.833,26.27,"April 15, 02",0.00833
2002-04-16,26.2,26.95,25.9,26.94,12718200.0,12718200.0,-0.74,-2.824,26.59667,"April 16, 02",-0.02824
2002-04-17,26.83,27.03,26.63,26.96,8254800.0,8254800.0,-0.13,-0.485,26.87333,"April 17, 02",-0.00485
2002-04-18,26.98,27.1,26.61,26.86,7437000.0,7437000.0,0.12,0.445,26.85667,"April 18, 02",0.00445
2002-04-19,26.86,27.49,26.8,27.46,9241200.0,9241200.0,-0.6,-2.234,27.25,"April 19, 02",-0.02234
2002-04-22,27.5,27.92,27.39,27.65,11199000.0,11199000.0,-0.15,-0.545,27.65333,"April 22, 02",-0.00545
2002-04-23,27.53,27.58,27.13,27.26,7624600.0,7624600.0,0.27,0.981,27.32333,"April 23, 02",0.00981
2002-04-24,27.37,27.53,27.25,27.49,9417000.0,9417000.0,-0.12,-0.438,27.42333,"April 24, 02",-0.00438
2002-04-25,27.48,27.5,27.08,27.49,8991200.0,8991200.0,-0.01,-0.036,27.35667,"April 25, 02",-0.00036
2002-04-26,27.46,27.55,27.23,27.23,6252400.0,6252400.0,0.23,0.838,27.33667,"April 26, 02",0.00838
2002-04-29,27.23,27.54,27.04,27.32,8159000.0,8159000.0,-0.09,-0.331,27.3,"April 29, 02",-0.00331
2002-04-30,27.45,28.02,27.37,27.75,13047600.0,13047600.0,-0.3,-1.093,27.71333,"April 30, 02",-0.01093
2002-05-01,27.88,28.96,27.85,28.81,16158400.0,16158400.0,-0.93,-3.336,28.54,"May 01, 02",-0.03336
2002-05-02,28.7,28.9,28.55,28.82,13051000.0,13051000.0,-0.12,-0.418,28.75667,"May 02, 02",-0.00418
2002-05-03,28.5,28.58,28.13,28.43,9020600.0,9020600.0,0.07,0.246,28.38,"May 03, 02",0.00246
2002-05-06,28.4,28.55,28.25,28.3,7796400.0,7796400.0,0.1,0.352,28.36667,"May 06, 02",0.00352
2002-05-07,28.49,28.49,28.13,28.33,8967400.0,8967400.0,0.16,0.562,28.31667,"May 07, 02",0.00562
2002-05-08,28.3,28.49,27.92,28.25,10446000.0,10446000.0,0.05,0.177,28.22,"May 08, 02",0.00177
2002-05-09,28.3,28.45,28.21,28.25,5404200.0,5404200.0,0.05,0.177,28.30333,"May 09, 02",0.00177
2002-05-10,28.2,28.45,28.1,28.18,6790600.0,6790600.0,0.02,0.071,28.24333,"May 10, 02",0.00071
2002-05-13,28.0,28.45,27.98,28.45,6302000.0,6302000.0,-0.45,-1.607,28.29333,"May 13, 02",-0.01607
2002-05-14,28.42,28.45,28.17,28.33,7122000.0,7122000.0,0.09,0.317,28.31667,"May 14, 02",0.00317
2002-05-15,28.2,28.42,28.1,28.34,7274000.0,7274000.0,-0.14,-0.496,28.28667,"May 15, 02",-0.00496
2002-05-16,28.48,28.6,28.2,28.53,7680800.0,7680800.0,-0.05,-0.176,28.44333,"May 16, 02",-0.00176
2002-05-17,28.48,28.63,28.28,28.5,7058200.0,7058200.0,-0.02,-0.07,28.47,"May 17, 02",-0.0007
2002-05-20,28.38,28.5,27.95,28.1,5421200.0,5421200.0,0.28,0.987,28.18333,"May 20, 02",0.00987
2002-05-21,28.1,28.17,27.63,27.73,8376200.0,8376200.0,0.37,1.317,27.84333,"May 21, 02",0.01317
2002-05-22,27.78,28.15,27.75,28.1,5470000.0,5470000.0,-0.32,-1.152,28.0,"May 22, 02",-0.01152
2002-05-23,28.1,28.34,27.89,28.34,5719400.0,5719400.0,-0.24,-0.854,28.19,"May 23, 02",-0.00854
2002-05-24,28.37,28.74,27.88,28.1,6929000.0,6929000.0,0.27,0.952,28.24,"May 24, 02",0.00952
2002-05-28,27.98,28.08,27.28,27.32,7020000.0,7020000.0,0.66,2.359,27.56,"May 28, 02",0.02359
2002-05-29,27.25,27.25,26.91,27.08,8976200.0,8976200.0,0.17,0.624,27.08,"May 29, 02",0.00624
2002-05-30,26.95,27.3,26.9,27.2,9656800.0,9656800.0,-0.25,-0.928,27.13333,"May 30, 02",-0.00928
2002-05-31,27.45,27.84,27.34,27.78,8404400.0,8404400.0,-0.33,-1.202,27.65333,"May 31, 02",-0.01202
2002-06-03,27.45,27.7,27.0,27.01,6607600.0,6607600.0,0.44,1.603,27.23667,"June 03, 02",0.01603
2002-06-04,26.7,27.0,26.48,27.0,10837400.0,10837400.0,-0.3,-1.124,26.82667,"June 04, 02",-0.01124
2002-06-05,27.0,27.73,26.81,27.7,8356200.0,8356200.0,-0.7,-2.593,27.41333,"June 05, 02",-0.02593
2002-06-06,27.73,27.73,26.98,27.08,7283600.0,7283600.0,0.65,2.344,27.26333,"June 06, 02",0.02344
2002-06-07,27.0,27.23,26.88,27.03,7087200.0,7087200.0,-0.03,-0.111,27.04667,"June 07, 02",-0.00111
2002-06-10,26.98,27.1,26.81,26.87,6861800.0,6861800.0,0.11,0.408,26.92667,"June 10, 02",0.00408
2002-06-11,26.9,27.48,26.87,27.0,11366200.0,11366200.0,-0.1,-0.372,27.11667,"June 11, 02",-0.00372
2002-06-12,27.0,27.48,26.91,27.24,10515600.0,10515600.0,-0.24,-0.889,27.21,"June 12, 02",-0.00889
2002-06-13,27.25,27.5,27.03,27.25,7487600.0,7487600.0,0.0,0.0,27.26,"June 13, 02",0.0
2002-06-14,27.1,27.45,26.85,27.42,9062000.0,9062000.0,-0.32,-1.181,27.24,"June 14, 02",-0.01181
2002-06-17,27.4,27.7,27.34,27.63,7105600.0,7105600.0,-0.23,-0.839,27.55667,"June 17, 02",-0.00839
2002-06-18,27.5,27.72,27.45,27.65,7294800.0,7294800.0,-0.15,-0.545,27.60667,"June 18, 02",-0.00545
2002-06-19,27.65,28.04,27.41,27.54,9771000.0,9771000.0,0.11,0.398,27.66333,"June 19, 02",0.00398
2002-06-20,27.58,28.17,27.56,27.86,10251400.0,10251400.0,-0.28,-1.015,27.86333,"June 20, 02",-0.01015
2002-06-21,27.46,28.03,27.46,28.0,17739400.0,17739400.0,-0.54,-1.966,27.83,"June 21, 02",-0.01966
2002-06-24,28.0,28.59,27.95,28.48,11513800.0,11513800.0,-0.48,-1.714,28.34,"June 24, 02",-0.01714
2002-06-25,28.48,28.57,27.42,27.73,11779200.0,11779200.0,0.75,2.633,27.90667,"June 25, 02",0.02633
2002-06-26,27.25,27.9,27.17,27.77,13409200.0,13409200.0,-0.52,-1.908,27.61333,"June 26, 02",-0.01908
2002-06-27,27.9,28.23,27.42,28.05,11711000.0,11711000.0,-0.15,-0.538,27.9,"June 27, 02",-0.00538
2002-06-28,28.17,28.73,27.89,28.0,14290600.0,14290600.0,0.17,0.603,28.20667,"June 28, 02",0.00603
2002-07-01,28.13,28.55,28.13,28.17,10267600.0,10267600.0,-0.04,-0.142,28.28333,"July 01, 02",-0.00142
2002-07-02,28.48,28.6,28.08,28.34,12085600.0,12085600.0,0.14,0.492,28.34,"July 02, 02",0.00492
2002-07-03,28.22,28.45,28.01,28.31,12984600.0,12984600.0,-0.09,-0.319,28.25667,"July 03, 02",-0.00319
2002-07-05,27.9,28.25,27.78,28.24,6698000.0,6698000.0,-0.34,-1.219,28.09,"July 05, 02",-0.01219
2002-07-08,28.35,28.75,28.28,28.64,10446200.0,10446200.0,-0.29,-1.023,28.55667,"July 08, 02",-0.01023
2002-07-09,28.55,28.62,28.06,28.22,18088000.0,18088000.0,0.33,1.156,28.3,"July 09, 02",0.01156
2002-07-10,28.22,28.48,27.17,27.35,15884200.0,15884200.0,0.87,3.083,27.66667,"July 10, 02",0.03083
2002-07-11,27.0,27.2,26.08,26.56,25808200.0,25808200.0,0.44,1.63,26.61333,"July 11, 02",0.0163
2002-07-12,26.5,26.5,25.35,25.53,17365800.0,17365800.0,0.97,3.66,25.79333,"July 12, 02",0.0366
2002-07-15,25.38,26.13,24.7,26.0,18263000.0,18263000.0,-0.62,-2.443,25.61,"July 15, 02",-0.02443
2002-07-16,25.53,25.85,25.05,25.18,13761800.0,13761800.0,0.35,1.371,25.36,"July 16, 02",0.01371
2002-07-17,25.6,25.98,24.88,25.0,19555200.0,19555200.0,0.6,2.344,25.28667,"July 17, 02",0.02344
2002-07-18,25.03,25.18,23.64,23.97,15981000.0,15981000.0,1.06,4.235,24.26333,"July 18, 02",0.04235
2002-07-19,23.47,23.6,22.37,22.55,20025800.0,20025800.0,0.92,3.92,22.84,"July 19, 02",0.0392
2002-07-22,22.59,23.65,22.45,22.95,23931200.0,23931200.0,-0.36,-1.594,23.01667,"July 22, 02",-0.01594
2002-07-23,22.35,22.99,22.1,22.29,23664800.0,23664800.0,0.06,0.268,22.46,"July 23, 02",0.00268
2002-07-24,21.8,23.55,21.8,23.42,26732200.0,26732200.0,-1.62,-7.431,22.92333,"July 24, 02",-0.07431
2002-07-25,23.35,24.13,22.95,23.78,14898000.0,14898000.0,-0.43,-1.842,23.62,"July 25, 02",-0.01842
2002-07-26,23.8,24.0,23.42,23.73,10545200.0,10545200.0,0.07,0.294,23.71667,"July 26, 02",0.00294
2002-07-29,24.0,24.8,23.93,24.72,12973200.0,12973200.0,-0.72,-3.0,24.48333,"July 29, 02",-0.03
2002-07-30,24.6,24.6,23.81,24.08,10814600.0,10814600.0,0.52,2.114,24.16333,"July 30, 02",0.02114
2002-07-31,24.08,25.0,24.08,24.97,14246800.0,14246800.0,-0.89,-3.696,24.68333,"July 31, 02",-0.03696
2002-08-01,24.92,25.38,24.73,24.97,11129800.0,11129800.0,-0.05,-0.201,25.02667,"August 01, 02",-0.00201
2002-08-02,25.0,25.42,24.65,25.05,8567400.0,8567400.0,-0.05,-0.2,25.04,"August 02, 02",-0.002
2002-08-05,25.05,25.05,24.05,24.18,9946400.0,9946400.0,0.87,3.473,24.42667,"August 05, 02",0.03473
2002-08-06,24.49,24.88,23.78,23.93,10717200.0,10717200.0,0.56,2.287,24.19667,"August 06, 02",0.02287
2002-08-07,24.15,24.5,23.8,24.5,9408400.0,9408400.0,-0.35,-1.449,24.26667,"August 07, 02",-0.01449
2002-08-08,24.53,25.41,24.42,25.41,8422000.0,8422000.0,-0.88,-3.587,25.08,"August 08, 02",-0.03587
2002-08-09,25.37,25.72,25.15,25.55,8503400.0,8503400.0,-0.18,-0.709,25.47333,"August 09, 02",-0.00709
2002-08-12,25.1,25.53,25.03,25.41,7161800.0,7161800.0,-0.31,-1.235,25.32333,"August 12, 02",-0.01235
2002-08-13,25.0,25.73,24.98,25.13,7377800.0,7377800.0,-0.13,-0.52,25.28,"August 13, 02",-0.0052
2002-08-14,25.13,26.05,24.79,25.98,9480800.0,9480800.0,-0.85,-3.382,25.60667,"August 14, 02",-0.03382
2002-08-15,26.0,26.29,25.5,25.71,10489200.0,10489200.0,0.29,1.115,25.83333,"August 15, 02",0.01115
2002-08-16,25.71,26.35,25.63,26.09,9989400.0,9989400.0,-0.38,-1.478,26.02333,"August 16, 02",-0.01478
2002-08-19,26.22,26.22,25.64,25.85,9767400.0,9767400.0,0.37,1.411,25.90333,"August 19, 02",0.01411
2002-08-20,25.6,25.98,25.46,25.82,8636000.0,8636000.0,-0.22,-0.859,25.75333,"August 20, 02",-0.00859
2002-08-21,26.05,26.41,25.67,26.37,8965200.0,8965200.0,-0.32,-1.228,26.15,"August 21, 02",-0.01228
2002-08-22,26.37,26.5,25.89,26.2,6997800.0,6997800.0,0.17,0.645,26.19667,"August 22, 02",0.00645
2002-08-23,26.2,26.7,26.1,26.35,7769400.0,7769400.0,-0.15,-0.573,26.38333,"August 23, 02",-0.00573
2002-08-26,26.35,26.62,26.06,26.5,6329600.0,6329600.0,-0.15,-0.569,26.39333,"August 26, 02",-0.00569
2002-08-27,26.51,26.6,26.0,26.26,7990600.0,7990600.0,0.25,0.943,26.28667,"August 27, 02",0.00943
2002-08-28,26.1,26.12,25.4,25.64,8312000.0,8312000.0,0.46,1.762,25.72,"August 28, 02",0.01762
2002-08-29,25.33,25.64,25.0,25.2,7309200.0,7309200.0,0.13,0.513,25.28,"August 29, 02",0.00513
2002-08-30,25.1,26.05,25.08,25.5,9969000.0,9969000.0,-0.4,-1.594,25.54333,"August 30, 02",-0.01594
2002-09-03,25.2,25.34,24.74,24.96,10677800.0,10677800.0,0.24,0.952,25.01333,"September 03, 02",0.00952
2002-09-04,25.0,25.42,25.0,25.25,9965400.0,9965400.0,-0.25,-1.0,25.22333,"September 04, 02",-0.01
2002-09-05,25.03,25.09,24.54,24.67,7905000.0,7905000.0,0.36,1.438,24.76667,"September 05, 02",0.01438
2002-09-06,24.88,25.15,24.56,24.95,5966000.0,5966000.0,-0.07,-0.281,24.88667,"September 06, 02",-0.00281
2002-09-09,24.78,25.54,24.75,25.17,5963400.0,5963400.0,-0.39,-1.574,25.15333,"September 09, 02",-0.01574
2002-09-10,25.25,25.58,25.03,25.49,5660800.0,5660800.0,-0.24,-0.95,25.36667,"September 10, 02",-0.0095
2002-09-11,25.79,25.8,25.47,25.55,5970600.0,5970600.0,0.24,0.931,25.60667,"September 11, 02",0.00931
2002-09-12,25.17,25.26,24.68,24.78,6457800.0,6457800.0,0.39,1.549,24.90667,"September 12, 02",0.01549
2002-09-13,24.65,24.95,24.56,24.83,7089800.0,7089800.0,-0.18,-0.73,24.78,"September 13, 02",-0.0073
2002-09-16,24.92,25.45,24.78,25.34,7943400.0,7943400.0,-0.42,-1.685,25.19,"September 16, 02",-0.01685
2002-09-17,25.6,25.7,24.47,24.48,11016200.0,11016200.0,1.12,4.375,24.88333,"September 17, 02",0.04375
2002-09-18,24.35,24.97,24.28,24.65,8992800.0,8992800.0,-0.3,-1.232,24.63333,"September 18, 02",-0.01232
2002-09-19,24.0,24.15,23.52,23.83,12532600.0,12532600.0,0.17,0.708,23.83333,"September 19, 02",0.00708
2002-09-20,23.9,24.25,23.58,23.76,17571600.0,17571600.0,0.14,0.586,23.86333,"September 20, 02",0.00586
2002-09-23,23.56,23.84,23.21,23.5,7769800.0,7769800.0,0.06,0.255,23.51667,"September 23, 02",0.00255
2002-09-24,23.45,23.95,23.35,23.6,9446400.0,9446400.0,-0.15,-0.64,23.63333,"September 24, 02",-0.0064
2002-09-25,23.9,24.58,23.6,24.25,10466000.0,10466000.0,-0.35,-1.464,24.14333,"September 25, 02",-0.01464
2002-09-26,24.25,24.34,23.75,24.22,10570000.0,10570000.0,0.03,0.124,24.10333,"September 26, 02",0.00124
2002-09-27,24.22,24.65,24.1,24.25,8752400.0,8752400.0,-0.03,-0.124,24.33333,"September 27, 02",-0.00124
2002-09-30,23.9,24.25,23.73,23.98,10303000.0,10303000.0,-0.08,-0.335,23.98667,"September 30, 02",-0.00335
2002-10-01,24.2,25.05,24.13,25.03,11120400.0,11120400.0,-0.83,-3.43,24.73667,"October 01, 02",-0.0343
2002-10-02,25.08,25.5,24.9,24.95,11077400.0,11077400.0,0.13,0.518,25.11667,"October 02, 02",0.00518
2002-10-03,25.15,25.7,25.05,25.31,11420000.0,11420000.0,-0.16,-0.636,25.35333,"October 03, 02",-0.00636
2002-10-04,25.6,25.84,25.35,25.45,10234200.0,10234200.0,0.15,0.586,25.54667,"October 04, 02",0.00586
2002-10-07,25.42,25.95,25.0,25.07,12451400.0,12451400.0,0.35,1.377,25.34,"October 07, 02",0.01377
2002-10-08,25.5,26.41,25.38,26.06,14686400.0,14686400.0,-0.56,-2.196,25.95,"October 08, 02",-0.02196
2002-10-09,25.75,26.25,25.5,25.82,11657800.0,11657800.0,-0.07,-0.272,25.85667,"October 09, 02",-0.00272
2002-10-10,25.7,26.0,25.21,25.73,12181800.0,12181800.0,-0.03,-0.117,25.64667,"October 10, 02",-0.00117
2002-10-11,25.7,26.0,25.36,25.73,12385000.0,12385000.0,-0.03,-0.117,25.69667,"October 11, 02",-0.00117
2002-10-14,25.6,26.34,25.58,26.28,8373800.0,8373800.0,-0.68,-2.656,26.06667,"October 14, 02",-0.02656
2002-10-15,26.28,26.55,25.63,26.24,13850800.0,13850800.0,0.04,0.152,26.14,"October 15, 02",0.00152
2002-10-16,25.0,25.0,23.44,23.6,37382000.0,37382000.0,1.4,5.6,24.01333,"October 16, 02",0.056
2002-10-17,23.85,23.92,22.29,22.95,33108000.0,33108000.0,0.9,3.774,23.05333,"October 17, 02",0.03774
2002-10-18,22.75,23.33,22.56,23.2,17405000.0,17405000.0,-0.45,-1.978,23.03,"October 18, 02",-0.01978
2002-10-21,23.55,24.05,23.45,24.0,15011400.0,15011400.0,-0.45,-1.911,23.83333,"October 21, 02",-0.01911
2002-10-22,24.0,24.37,23.67,23.94,10844600.0,10844600.0,0.06,0.25,23.99333,"October 22, 02",0.0025
2002-10-23,23.95,24.09,23.62,23.97,10801200.0,10801200.0,-0.02,-0.084,23.89333,"October 23, 02",-0.00084
2002-10-24,24.05,24.09,23.26,23.45,10427200.0,10427200.0,0.6,2.495,23.6,"October 24, 02",0.02495
2002-10-25,23.47,23.58,23.18,23.49,9369200.0,9369200.0,-0.02,-0.085,23.41667,"October 25, 02",-0.00085
2002-10-28,23.49,23.49,22.83,22.97,9626800.0,9626800.0,0.52,2.214,23.09667,"October 28, 02",0.02214
2002-10-29,22.88,23.2,22.51,23.19,11569200.0,11569200.0,-0.31,-1.355,22.96667,"October 29, 02",-0.01355
2002-10-30,23.1,23.54,23.06,23.42,10282800.0,10282800.0,-0.32,-1.385,23.34,"October 30, 02",-0.01385
2002-10-31,23.36,23.58,22.95,23.24,11850000.0,11850000.0,0.12,0.514,23.25667,"October 31, 02",0.00514
2002-11-01,23.24,23.53,22.83,23.42,10783000.0,10783000.0,-0.18,-0.775,23.26,"November 01, 02",-0.00775
2002-11-04,23.42,23.45,22.75,22.85,13604200.0,13604200.0,0.57,2.434,23.01667,"November 04, 02",0.02434
2002-11-05,22.92,23.23,22.92,23.18,10645200.0,10645200.0,-0.26,-1.134,23.11,"November 05, 02",-0.01134
2002-11-06,23.16,23.16,22.45,22.7,19806600.0,19806600.0,0.46,1.986,22.77,"November 06, 02",0.01986
2002-11-07,22.6,22.7,22.3,22.41,11576200.0,11576200.0,0.19,0.841,22.47,"November 07, 02",0.00841
2002-11-08,22.33,22.6,22.24,22.26,10365600.0,10365600.0,0.07,0.313,22.36667,"November 08, 02",0.00313
2002-11-11,22.25,22.5,22.13,22.28,8224600.0,8224600.0,-0.03,-0.135,22.30333,"November 11, 02",-0.00135
2002-11-12,22.55,22.71,22.11,22.16,11236800.0,11236800.0,0.39,1.729,22.32667,"November 12, 02",0.01729
2002-11-13,22.25,22.92,22.2,22.62,11831600.0,11831600.0,-0.37,-1.663,22.58,"November 13, 02",-0.01663
2002-11-14,22.88,22.96,22.57,22.57,9944400.0,9944400.0,0.31,1.355,22.7,"November 14, 02",0.01355
2002-11-15,22.57,23.0,22.5,22.99,13655600.0,13655600.0,-0.42,-1.861,22.83,"November 15, 02",-0.01861
2002-11-18,23.1,23.15,22.8,22.96,8862400.0,8862400.0,0.14,0.606,22.97,"November 18, 02",0.00606
2002-11-19,22.96,23.58,22.92,23.2,11389800.0,11389800.0,-0.24,-1.045,23.23333,"November 19, 02",-0.01045
2002-11-20,23.34,23.34,22.71,23.04,11292800.0,11292800.0,0.3,1.285,23.03,"November 20, 02",0.01285
2002-11-21,23.25,23.25,22.46,22.88,16084800.0,16084800.0,0.37,1.591,22.86333,"November 21, 02",0.01591
2002-11-22,23.0,23.09,22.38,22.71,9489600.0,9489600.0,0.29,1.261,22.72667,"November 22, 02",0.01261
2002-11-25,22.53,22.7,22.39,22.56,10346400.0,10346400.0,-0.03,-0.133,22.55,"November 25, 02",-0.00133
2002-11-26,22.31,22.59,22.29,22.4,10625800.0,10625800.0,-0.09,-0.403,22.42667,"November 26, 02",-0.00403
2002-11-27,22.5,23.2,22.4,23.12,10498000.0,10498000.0,-0.62,-2.756,22.90667,"November 27, 02",-0.02756
2002-11-29,23.08,23.08,22.76,22.82,5242200.0,5242200.0,0.26,1.127,22.88667,"November 29, 02",0.01127
2002-12-02,23.09,23.09,22.53,22.6,10058000.0,10058000.0,0.49,2.122,22.74,"December 02, 02",0.02122
2002-12-03,22.75,22.94,22.4,22.45,13710800.0,13710800.0,0.3,1.319,22.59667,"December 03, 02",0.01319
2002-12-04,22.35,23.1,22.32,22.82,12994600.0,12994600.0,-0.47,-2.103,22.74667,"December 04, 02",-0.02103
2002-12-05,22.83,22.9,22.4,22.51,8642800.0,8642800.0,0.32,1.402,22.60333,"December 05, 02",0.01402
2002-12-06,22.4,22.81,22.4,22.7,7989600.0,7989600.0,-0.3,-1.339,22.63667,"December 06, 02",-0.01339
2002-12-09,22.6,22.84,22.43,22.55,8486400.0,8486400.0,0.05,0.221,22.60667,"December 09, 02",0.00221
2002-12-10,22.56,23.25,22.55,23.25,12368400.0,12368400.0,-0.69,-3.059,23.01667,"December 10, 02",-0.03059
2002-12-11,23.23,23.46,23.01,23.38,15685200.0,15685200.0,-0.15,-0.646,23.28333,"December 11, 02",-0.00646
2002-12-12,23.15,23.16,22.67,22.93,11997200.0,11997200.0,0.22,0.95,22.92,"December 12, 02",0.0095
2002-12-13,22.38,23.21,22.25,22.92,15263600.0,15263600.0,-0.54,-2.413,22.79333,"December 13, 02",-0.02413
2002-12-16,22.92,23.0,22.65,22.87,12417200.0,12417200.0,0.05,0.218,22.84,"December 16, 02",0.00218
2002-12-17,22.92,22.98,22.42,22.46,11792200.0,11792200.0,0.46,2.007,22.62,"December 17, 02",0.02007
2002-12-18,22.45,22.47,22.18,22.27,11923600.0,11923600.0,0.18,0.802,22.30667,"December 18, 02",0.00802
2002-12-19,22.17,22.25,21.79,22.06,13308200.0,13308200.0,0.11,0.496,22.03333,"December 19, 02",0.00496
2002-12-20,22.13,22.17,21.95,22.04,16630800.0,16630800.0,0.09,0.407,22.05333,"December 20, 02",0.00407
2002-12-23,22.05,22.3,21.94,22.2,10149600.0,10149600.0,-0.15,-0.68,22.14667,"December 23, 02",-0.0068
2002-12-24,21.92,22.18,21.92,22.12,3392600.0,3392600.0,-0.2,-0.912,22.07333,"December 24, 02",-0.00912
2002-12-26,22.1,22.35,22.05,22.08,4606400.0,4606400.0,0.02,0.09,22.16,"December 26, 02",0.0009
2002-12-27,22.0,22.14,21.62,21.74,6725200.0,6725200.0,0.26,1.182,21.83333,"December 27, 02",0.01182
2002-12-30,21.79,21.89,21.45,21.75,10272400.0,10272400.0,0.04,0.184,21.69667,"December 30, 02",0.00184
2002-12-31,21.73,22.05,21.63,21.92,8993400.0,8993400.0,-0.19,-0.874,21.86667,"December 31, 02",-0.00874
2003-01-02,22.08,22.5,22.03,22.42,9358800.0,9358800.0,-0.34,-1.54,22.31667,"January 02, 03",-0.0154
2003-01-03,22.43,22.46,22.11,22.37,6184400.0,6184400.0,0.06,0.267,22.31333,"January 03, 03",0.00267
2003-01-06,22.3,22.58,22.17,22.46,7796000.0,7796000.0,-0.16,-0.717,22.40333,"January 06, 03",-0.00717
2003-01-07,22.25,22.38,22.1,22.18,7628000.0,7628000.0,0.07,0.315,22.22,"January 07, 03",0.00315
2003-01-08,22.3,22.38,21.95,22.04,6403600.0,6403600.0,0.26,1.166,22.12333,"January 08, 03",0.01166
2003-01-09,21.95,22.34,21.85,22.26,9030200.0,9030200.0,-0.31,-1.412,22.15,"January 09, 03",-0.01412
2003-01-10,22.17,22.69,22.16,22.6,10570200.0,10570200.0,-0.43,-1.94,22.48333,"January 10, 03",-0.0194
2003-01-13,22.65,22.98,22.55,22.88,9982800.0,9982800.0,-0.23,-1.015,22.80333,"January 13, 03",-0.01015
2003-01-14,22.75,22.88,22.51,22.87,10436800.0,10436800.0,-0.12,-0.527,22.75333,"January 14, 03",-0.00527
2003-01-15,22.87,22.88,22.42,22.45,8891200.0,8891200.0,0.42,1.836,22.58333,"January 15, 03",0.01836
2003-01-16,22.54,22.87,22.5,22.83,7965400.0,7965400.0,-0.29,-1.287,22.73333,"January 16, 03",-0.01287
2003-01-17,22.75,23.0,22.52,22.55,10638400.0,10638400.0,0.2,0.879,22.69,"January 17, 03",0.00879
2003-01-21,22.6,22.8,22.25,22.36,7587600.0,7587600.0,0.24,1.062,22.47,"January 21, 03",0.01062
2003-01-22,22.37,22.79,22.21,22.28,8775000.0,8775000.0,0.09,0.402,22.42667,"January 22, 03",0.00402
2003-01-23,22.28,22.41,21.93,21.95,11129000.0,11129000.0,0.33,1.481,22.09667,"January 23, 03",0.01481
2003-01-24,22.0,22.01,21.38,21.42,11273200.0,11273200.0,0.58,2.636,21.60333,"January 24, 03",0.02636
2003-01-27,21.17,21.38,20.76,20.9,13448600.0,13448600.0,0.27,1.275,21.01333,"January 27, 03",0.01275
2003-01-28,21.0,21.0,20.5,20.55,17152600.0,17152600.0,0.45,2.143,20.68333,"January 28, 03",0.02143
2003-01-29,20.55,20.55,19.91,20.28,26361200.0,26361200.0,0.27,1.314,20.24667,"January 29, 03",0.01314
2003-01-30,20.38,20.39,19.6,19.6,24866000.0,24866000.0,0.78,3.827,19.86333,"January 30, 03",0.03827
2003-01-31,19.65,20.28,19.58,20.23,23750000.0,23750000.0,-0.58,-2.952,20.03,"January 31, 03",-0.02952
2003-02-03,20.28,20.31,20.05,20.08,12605400.0,12605400.0,0.2,0.986,20.14667,"February 03, 03",0.00986
2003-02-04,20.0,20.29,19.85,20.17,12553800.0,12553800.0,-0.17,-0.85,20.10333,"February 04, 03",-0.0085
2003-02-05,20.28,20.38,19.93,20.03,11931800.0,11931800.0,0.25,1.233,20.11333,"February 05, 03",0.01233
2003-02-06,20.03,20.15,19.83,19.96,10054200.0,10054200.0,0.07,0.349,19.98,"February 06, 03",0.00349
2003-02-07,20.05,20.12,19.75,19.76,9516400.0,9516400.0,0.29,1.446,19.87667,"February 07, 03",0.01446
2003-02-10,19.85,20.15,19.67,20.03,9055200.0,9055200.0,-0.18,-0.907,19.95,"February 10, 03",-0.00907
2003-02-11,19.95,20.06,19.42,19.5,15029400.0,15029400.0,0.45,2.256,19.66,"February 11, 03",0.02256
2003-02-12,19.69,20.13,19.66,19.87,18589400.0,18589400.0,-0.18,-0.914,19.88667,"February 12, 03",-0.00914
2003-02-13,19.89,20.15,19.65,19.99,10950400.0,10950400.0,-0.1,-0.503,19.93,"February 13, 03",-0.00503
2003-02-14,20.08,20.5,19.95,20.4,10808000.0,10808000.0,-0.32,-1.594,20.28333,"February 14, 03",-0.01594
2003-02-18,20.48,20.76,20.33,20.55,9979800.0,9979800.0,-0.07,-0.342,20.54667,"February 18, 03",-0.00342
2003-02-19,20.59,20.59,20.15,20.33,7042800.0,7042800.0,0.26,1.263,20.35667,"February 19, 03",0.01263
2003-02-20,20.24,20.4,20.01,20.03,8909400.0,8909400.0,0.21,1.038,20.14667,"February 20, 03",0.01038
2003-02-21,20.15,20.34,20.0,20.32,11297600.0,11297600.0,-0.17,-0.844,20.22,"February 21, 03",-0.00844
2003-02-24,20.32,20.32,19.91,19.91,8390400.0,8390400.0,0.41,2.018,20.04667,"February 24, 03",0.02018
2003-02-25,19.85,20.22,19.75,20.19,11328800.0,11328800.0,-0.34,-1.713,20.05333,"February 25, 03",-0.01713
2003-02-26,20.15,20.16,19.76,19.86,9374600.0,9374600.0,0.29,1.439,19.92667,"February 26, 03",0.01439
2003-02-27,19.92,20.32,19.86,20.13,9354000.0,9354000.0,-0.21,-1.054,20.10333,"February 27, 03",-0.01054
2003-02-28,20.13,20.32,19.98,20.11,8920800.0,8920800.0,0.02,0.099,20.13667,"February 28, 03",0.00099
2003-03-03,20.08,20.22,19.61,19.61,11912800.0,11912800.0,0.47,2.341,19.81333,"March 03, 03",0.02341
2003-03-04,19.62,19.62,19.16,19.18,12807600.0,12807600.0,0.44,2.243,19.32,"March 04, 03",0.02243
2003-03-05,18.73,19.18,18.5,18.78,23918800.0,23918800.0,-0.05,-0.267,18.82,"March 05, 03",-0.00267
2003-03-06,18.78,18.88,18.6,18.78,14582000.0,14582000.0,0.0,0.0,18.75333,"March 06, 03",0.0
2003-03-07,18.58,18.92,18.58,18.85,14152600.0,14152600.0,-0.27,-1.453,18.78333,"March 07, 03",-0.01453
2003-03-10,18.7,18.8,18.5,18.54,11275400.0,11275400.0,0.16,0.856,18.61333,"March 10, 03",0.00856
2003-03-11,18.55,19.1,18.55,18.83,12187600.0,12187600.0,-0.28,-1.509,18.82667,"March 11, 03",-0.01509
2003-03-12,18.75,19.13,18.74,19.03,17142400.0,17142400.0,-0.28,-1.493,18.96667,"March 12, 03",-0.01493
2003-03-13,19.29,19.73,19.25,19.73,16248600.0,16248600.0,-0.44,-2.281,19.57,"March 13, 03",-0.02281
2003-03-14,19.83,20.0,19.73,19.95,13410200.0,13410200.0,-0.12,-0.605,19.89333,"March 14, 03",-0.00605
2003-03-17,19.95,20.5,19.85,20.5,14134200.0,14134200.0,-0.55,-2.757,20.28333,"March 17, 03",-0.02757
2003-03-18,20.51,20.51,20.15,20.49,12957600.0,12957600.0,0.02,0.098,20.38333,"March 18, 03",0.00098
2003-03-19,20.49,20.92,20.38,20.91,12900000.0,12900000.0,-0.42,-2.05,20.73667,"March 19, 03",-0.0205
2003-03-20,20.91,20.92,20.48,20.76,9475400.0,9475400.0,0.15,0.717,20.72,"March 20, 03",0.00717
2003-03-21,20.98,21.15,20.65,21.13,13678800.0,13678800.0,-0.15,-0.715,20.97667,"March 21, 03",-0.00715
2003-03-24,20.9,21.0,20.39,20.46,9899400.0,9899400.0,0.44,2.105,20.61667,"March 24, 03",0.02105
2003-03-25,20.45,20.59,20.29,20.5,10120200.0,10120200.0,-0.05,-0.244,20.46,"March 25, 03",-0.00244
2003-03-26,20.53,20.53,20.33,20.37,9894800.0,9894800.0,0.16,0.779,20.41,"March 26, 03",0.00779
2003-03-27,20.24,20.63,20.07,20.43,8500400.0,8500400.0,-0.19,-0.939,20.37667,"March 27, 03",-0.00939
2003-03-28,20.43,20.54,20.22,20.37,7672600.0,7672600.0,0.06,0.294,20.37667,"March 28, 03",0.00294
2003-03-31,20.16,20.34,19.86,20.24,11954400.0,11954400.0,-0.08,-0.397,20.14667,"March 31, 03",-0.00397
2003-04-01,20.25,20.29,19.94,20.2,13867600.0,13867600.0,0.05,0.247,20.14333,"April 01, 03",0.00247
2003-04-02,20.58,20.87,20.5,20.73,10338600.0,10338600.0,-0.15,-0.729,20.7,"April 02, 03",-0.00729
2003-04-03,20.73,20.77,20.48,20.6,8541200.0,8541200.0,0.13,0.627,20.61667,"April 03, 03",0.00627
2003-04-04,21.06,21.3,20.58,20.95,8908400.0,8908400.0,0.11,0.522,20.94333,"April 04, 03",0.00522
2003-04-07,21.28,21.33,20.8,20.85,10194400.0,10194400.0,0.43,2.021,20.99333,"April 07, 03",0.02021
2003-04-08,20.98,21.03,20.81,20.92,6925600.0,6925600.0,0.06,0.286,20.92,"April 08, 03",0.00286
2003-04-09,20.99,21.33,20.72,20.83,8999200.0,8999200.0,0.16,0.762,20.96,"April 09, 03",0.00762
2003-04-10,20.92,20.94,20.65,20.72,6655400.0,6655400.0,0.2,0.956,20.77,"April 10, 03",0.00956
2003-04-11,20.88,20.98,20.65,20.72,6974600.0,6974600.0,0.16,0.766,20.78333,"April 11, 03",0.00766
2003-04-14,20.72,21.25,20.72,21.21,6648400.0,6648400.0,-0.49,-2.365,21.06,"April 14, 03",-0.02365
2003-04-15,21.25,21.42,21.0,21.26,7816600.0,7816600.0,-0.01,-0.047,21.22667,"April 15, 03",-0.00047
2003-04-16,20.33,20.85,19.75,19.95,30495000.0,30495000.0,0.38,1.869,20.18333,"April 16, 03",0.01869
2003-04-17,19.96,20.32,19.5,20.2,23306200.0,23306200.0,-0.24,-1.202,20.00667,"April 17, 03",-0.01202
2003-04-21,20.28,20.4,19.96,20.06,7049600.0,7049600.0,0.22,1.085,20.14,"April 21, 03",0.01085
2003-04-22,19.95,20.22,19.84,20.21,13456200.0,13456200.0,-0.26,-1.303,20.09,"April 22, 03",-0.01303
2003-04-23,20.14,20.25,19.85,20.0,12061000.0,12061000.0,0.14,0.695,20.03333,"April 23, 03",0.00695
2003-04-24,19.98,20.05,19.63,19.96,11738600.0,11738600.0,0.02,0.1,19.88,"April 24, 03",0.001
2003-04-25,20.03,20.07,19.63,19.71,10260400.0,10260400.0,0.32,1.598,19.80333,"April 25, 03",0.01598
2003-04-28,19.92,20.28,19.88,20.17,11037600.0,11037600.0,-0.25,-1.255,20.11,"April 28, 03",-0.01255
2003-04-29,20.17,20.5,20.17,20.42,10469400.0,10469400.0,-0.25,-1.239,20.36333,"April 29, 03",-0.01239
2003-04-30,20.31,20.42,20.07,20.2,12709600.0,12709600.0,0.11,0.542,20.23,"April 30, 03",0.00542
2003-05-01,20.2,20.3,19.72,20.22,10425800.0,10425800.0,-0.02,-0.099,20.08,"May 01, 03",-0.00099
2003-05-02,20.1,20.55,20.09,20.5,10687800.0,10687800.0,-0.4,-1.99,20.38,"May 02, 03",-0.0199
2003-05-05,20.5,20.55,20.15,20.26,7072000.0,7072000.0,0.24,1.171,20.32,"May 05, 03",0.01171
2003-05-06,20.42,20.65,20.31,20.51,10097000.0,10097000.0,-0.09,-0.441,20.49,"May 06, 03",-0.00441
2003-05-07,21.25,21.74,21.13,21.64,31069400.0,31069400.0,-0.39,-1.835,21.50333,"May 07, 03",-0.01835
2003-05-08,21.53,21.68,21.36,21.44,15021800.0,15021800.0,0.09,0.418,21.49333,"May 08, 03",0.00418
2003-05-09,21.8,22.09,21.71,22.0,16121800.0,16121800.0,-0.2,-0.917,21.93333,"May 09, 03",-0.00917
2003-05-12,22.0,22.36,21.93,22.25,10735400.0,10735400.0,-0.25,-1.136,22.18,"May 12, 03",-0.01136
2003-05-13,22.15,22.23,21.82,22.13,9108200.0,9108200.0,0.02,0.09,22.06,"May 13, 03",0.0009
2003-05-14,22.3,22.31,21.95,22.13,7854800.0,7854800.0,0.17,0.762,22.13,"May 14, 03",0.00762
2003-05-15,22.25,22.49,22.23,22.32,8908800.0,8908800.0,-0.07,-0.315,22.34667,"May 15, 03",-0.00315
2003-05-16,22.38,22.49,21.98,21.98,9979000.0,9979000.0,0.4,1.787,22.15,"May 16, 03",0.01787
2003-05-19,21.85,22.18,21.81,22.06,9228400.0,9228400.0,-0.21,-0.961,22.01667,"May 19, 03",-0.00961
2003-05-20,22.1,22.29,21.99,22.26,12090000.0,12090000.0,-0.16,-0.724,22.18,"May 20, 03",-0.00724
2003-05-21,22.13,22.18,21.91,22.07,10507000.0,10507000.0,0.06,0.271,22.05333,"May 21, 03",0.00271
2003-05-22,22.07,22.43,22.05,22.26,10194600.0,10194600.0,-0.19,-0.861,22.24667,"May 22, 03",-0.00861
2003-05-23,22.15,22.36,22.03,22.09,5883000.0,5883000.0,0.06,0.271,22.16,"May 23, 03",0.00271
2003-05-27,21.99,22.42,21.92,22.33,8908200.0,8908200.0,-0.34,-1.546,22.22333,"May 27, 03",-0.01546
2003-05-28,22.26,22.31,22.06,22.08,10108800.0,10108800.0,0.18,0.809,22.15,"May 28, 03",0.00809
2003-05-29,22.17,22.65,22.17,22.31,14845000.0,14845000.0,-0.14,-0.631,22.37667,"May 29, 03",-0.00631
2003-05-30,22.54,22.98,22.5,22.79,11478200.0,11478200.0,-0.25,-1.109,22.75667,"May 30, 03",-0.01109
2003-06-02,22.97,23.11,22.67,22.9,9052200.0,9052200.0,0.07,0.305,22.89333,"June 02, 03",0.00305
2003-06-03,23.03,23.19,22.88,23.06,7629800.0,7629800.0,-0.03,-0.13,23.04333,"June 03, 03",-0.0013
2003-06-04,22.95,23.33,22.9,23.3,7991000.0,7991000.0,-0.35,-1.525,23.17667,"June 04, 03",-0.01525
2003-06-05,23.3,23.42,23.16,23.39,7891800.0,7891800.0,-0.09,-0.386,23.32333,"June 05, 03",-0.00386
2003-06-06,23.43,23.63,23.35,23.45,8624800.0,8624800.0,-0.02,-0.085,23.47667,"June 06, 03",-0.00085
2003-06-09,23.2,23.5,23.2,23.43,6309400.0,6309400.0,-0.23,-0.991,23.37667,"June 09, 03",-0.00991
2003-06-10,23.43,23.43,23.14,23.3,8389400.0,8389400.0,0.13,0.555,23.29,"June 10, 03",0.00555
2003-06-11,23.19,23.4,22.8,23.4,8274400.0,8274400.0,-0.21,-0.906,23.2,"June 11, 03",-0.00906
2003-06-12,23.25,23.73,23.24,23.73,8487200.0,8487200.0,-0.48,-2.065,23.56667,"June 12, 03",-0.02065
2003-06-13,23.7,23.79,23.5,23.67,6256000.0,6256000.0,0.03,0.127,23.65333,"June 13, 03",0.00127
2003-06-16,23.73,24.1,23.65,24.1,8161800.0,8161800.0,-0.37,-1.559,23.95,"June 16, 03",-0.01559
2003-06-17,24.05,24.17,23.39,23.6,18057400.0,18057400.0,0.45,1.871,23.72,"June 17, 03",0.01871
2003-06-18,23.36,23.63,23.33,23.5,10643600.0,10643600.0,-0.14,-0.599,23.48667,"June 18, 03",-0.00599
2003-06-19,23.4,23.45,22.97,23.06,10096200.0,10096200.0,0.34,1.453,23.16,"June 19, 03",0.01453
2003-06-20,23.17,23.33,23.05,23.24,14901800.0,14901800.0,-0.07,-0.302,23.20667,"June 20, 03",-0.00302
2003-06-23,23.14,23.4,22.89,23.38,10415200.0,10415200.0,-0.24,-1.037,23.22333,"June 23, 03",-0.01037
2003-06-24,23.33,23.65,23.29,23.58,8915600.0,8915600.0,-0.25,-1.072,23.50667,"June 24, 03",-0.01072
2003-06-25,23.59,23.74,23.31,23.32,9179400.0,9179400.0,0.27,1.145,23.45667,"June 25, 03",0.01145
2003-06-26,23.25,23.47,23.15,23.44,8056600.0,8056600.0,-0.19,-0.817,23.35333,"June 26, 03",-0.00817
2003-06-27,23.42,23.62,23.22,23.25,6847400.0,6847400.0,0.17,0.726,23.36333,"June 27, 03",0.00726
2003-06-30,23.17,23.31,22.95,23.21,13898000.0,13898000.0,-0.04,-0.173,23.15667,"June 30, 03",-0.00173
2003-07-01,23.13,23.32,22.95,23.25,11637800.0,11637800.0,-0.12,-0.519,23.17333,"July 01, 03",-0.00519
2003-07-02,23.23,23.26,23.02,23.19,8860000.0,8860000.0,0.04,0.172,23.15667,"July 02, 03",0.00172
2003-07-03,23.08,23.23,22.95,23.12,6110800.0,6110800.0,-0.04,-0.173,23.1,"July 03, 03",-0.00173
2003-07-07,23.12,23.17,22.48,22.48,21706800.0,21706800.0,0.64,2.768,22.71,"July 07, 03",0.02768
2003-07-08,22.48,22.48,22.05,22.11,23908400.0,23908400.0,0.37,1.646,22.21333,"July 08, 03",0.01646
2003-07-09,22.05,22.25,21.84,21.94,15254400.0,15254400.0,0.11,0.499,22.01,"July 09, 03",0.00499
2003-07-10,21.99,22.17,21.91,22.0,12264000.0,12264000.0,-0.01,-0.045,22.02667,"July 10, 03",-0.00045
2003-07-11,21.67,22.06,21.67,21.96,14111800.0,14111800.0,-0.29,-1.338,21.89667,"July 11, 03",-0.01338
2003-07-14,22.08,22.37,22.01,22.14,14658800.0,14658800.0,-0.06,-0.272,22.17333,"July 14, 03",-0.00272
2003-07-15,22.15,22.22,21.85,22.0,11134400.0,11134400.0,0.15,0.677,22.02333,"July 15, 03",0.00677
2003-07-16,21.73,22.08,21.14,21.46,20595200.0,20595200.0,0.27,1.243,21.56,"July 16, 03",0.01243
2003-07-17,22.14,22.39,22.06,22.38,22579200.0,22579200.0,-0.24,-1.084,22.27667,"July 17, 03",-0.01084
2003-07-18,22.46,22.49,22.21,22.45,14723800.0,14723800.0,0.01,0.045,22.38333,"July 18, 03",0.00045
2003-07-21,22.5,22.57,22.32,22.5,10212600.0,10212600.0,0.0,0.0,22.46333,"July 21, 03",0.0
2003-07-22,22.6,22.67,22.37,22.55,8531800.0,8531800.0,0.05,0.221,22.53,"July 22, 03",0.00221
2003-07-23,22.63,22.65,22.33,22.58,7824200.0,7824200.0,0.05,0.221,22.52,"July 23, 03",0.00221
2003-07-24,22.59,22.88,22.26,22.26,8869800.0,8869800.0,0.33,1.461,22.46667,"July 24, 03",0.01461
2003-07-25,22.25,22.54,21.9,22.52,9610600.0,9610600.0,-0.27,-1.213,22.32,"July 25, 03",-0.01213
2003-07-28,22.46,22.47,22.23,22.32,8532200.0,8532200.0,0.14,0.623,22.34,"July 28, 03",0.00623
2003-07-29,22.38,22.64,22.17,22.43,11342000.0,11342000.0,-0.05,-0.223,22.41333,"July 29, 03",-0.00223
2003-07-30,22.6,22.78,22.46,22.69,10619200.0,10619200.0,-0.09,-0.398,22.64333,"July 30, 03",-0.00398
2003-07-31,22.74,23.12,22.49,22.49,13449000.0,13449000.0,0.25,1.099,22.7,"July 31, 03",0.01099
2003-08-01,22.25,22.62,22.2,22.38,9515400.0,9515400.0,-0.13,-0.584,22.4,"August 01, 03",-0.00584
2003-08-04,22.25,22.54,22.13,22.45,6996200.0,6996200.0,-0.2,-0.899,22.37333,"August 04, 03",-0.00899
2003-08-05,22.42,22.45,22.14,22.18,8277600.0,8277600.0,0.24,1.07,22.25667,"August 05, 03",0.0107
2003-08-06,22.08,22.24,21.95,22.05,8778400.0,8778400.0,0.03,0.136,22.08,"August 06, 03",0.00136
2003-08-07,22.15,22.48,22.09,22.39,7603600.0,7603600.0,-0.24,-1.084,22.32,"August 07, 03",-0.01084
2003-08-08,22.45,22.49,22.31,22.42,6387000.0,6387000.0,0.03,0.134,22.40667,"August 08, 03",0.00134
2003-08-11,22.4,22.42,22.17,22.31,5639400.0,5639400.0,0.09,0.402,22.3,"August 11, 03",0.00402
2003-08-12,22.41,22.41,22.1,22.33,7505200.0,7505200.0,0.08,0.357,22.28,"August 12, 03",0.00357
2003-08-13,22.37,22.37,22.1,22.25,7626800.0,7626800.0,0.12,0.536,22.24,"August 13, 03",0.00536
2003-08-14,22.35,22.58,22.24,22.53,7240000.0,7240000.0,-0.18,-0.805,22.45,"August 14, 03",-0.00805
2003-08-15,22.56,22.56,22.41,22.5,4643000.0,4643000.0,0.06,0.266,22.49,"August 15, 03",0.00266
2003-08-18,22.5,22.55,22.38,22.43,6087800.0,6087800.0,0.07,0.311,22.45333,"August 18, 03",0.00311
2003-08-19,22.36,22.43,21.97,22.15,8300000.0,8300000.0,0.21,0.939,22.18333,"August 19, 03",0.00939
2003-08-20,22.0,22.01,21.83,21.95,7283800.0,7283800.0,0.05,0.227,21.93,"August 20, 03",0.00227
2003-08-21,21.97,22.09,21.74,21.81,8552400.0,8552400.0,0.16,0.728,21.88,"August 21, 03",0.00728
2003-08-22,21.88,22.04,21.6,21.64,9080800.0,9080800.0,0.24,1.097,21.76,"August 22, 03",0.01097
2003-08-25,21.73,22.04,21.64,22.04,6703200.0,6703200.0,-0.31,-1.427,21.90667,"August 25, 03",-0.01427
2003-08-26,21.92,22.25,21.82,22.12,7485000.0,7485000.0,-0.2,-0.912,22.06333,"August 26, 03",-0.00912
2003-08-27,22.12,22.12,21.88,21.98,6206400.0,6206400.0,0.14,0.633,21.99333,"August 27, 03",0.00633
2003-08-28,21.86,21.98,21.79,21.92,7210000.0,7210000.0,-0.06,-0.274,21.89667,"August 28, 03",-0.00274
2003-08-29,21.85,21.92,21.71,21.76,7710800.0,7710800.0,0.09,0.412,21.79667,"August 29, 03",0.00412
2003-09-02,21.72,21.92,21.54,21.89,12356200.0,12356200.0,-0.17,-0.783,21.78333,"September 02, 03",-0.00783
2003-09-03,21.89,22.05,21.75,21.86,13377400.0,13377400.0,0.03,0.137,21.88667,"September 03, 03",0.00137
2003-09-04,21.96,22.3,21.91,22.25,11328200.0,11328200.0,-0.29,-1.321,22.15333,"September 04, 03",-0.01321
2003-09-05,22.25,22.4,21.99,22.08,7674400.0,7674400.0,0.17,0.764,22.15667,"September 05, 03",0.00764
2003-09-08,22.2,22.24,22.05,22.14,6593400.0,6593400.0,0.06,0.27,22.14333,"September 08, 03",0.0027
2003-09-09,22.01,22.4,22.0,22.17,8581200.0,8581200.0,-0.16,-0.727,22.19,"September 09, 03",-0.00727
2003-09-10,22.25,22.63,22.24,22.48,11486800.0,11486800.0,-0.23,-1.034,22.45,"September 10, 03",-0.01034
2003-09-11,22.58,22.59,22.2,22.24,11522200.0,11522200.0,0.34,1.506,22.34333,"September 11, 03",0.01506
2003-09-12,22.06,22.11,21.84,22.0,10193200.0,10193200.0,0.06,0.272,21.98333,"September 12, 03",0.00272
2003-09-15,22.0,22.0,21.74,21.75,10719000.0,10719000.0,0.25,1.136,21.83,"September 15, 03",0.01136
2003-09-16,21.54,21.57,21.26,21.46,18932800.0,18932800.0,0.08,0.371,21.43,"September 16, 03",0.00371
2003-09-17,21.46,21.67,21.36,21.5,9438000.0,9438000.0,-0.04,-0.186,21.51,"September 17, 03",-0.00186
2003-09-18,21.7,22.0,21.66,21.8,10341800.0,10341800.0,-0.1,-0.461,21.82,"September 18, 03",-0.00461
2003-09-19,21.8,21.81,21.56,21.59,11161200.0,11161200.0,0.21,0.963,21.65333,"September 19, 03",0.00963
2003-09-22,21.59,21.8,21.35,21.62,10950600.0,10950600.0,-0.03,-0.139,21.59,"September 22, 03",-0.00139
2003-09-23,21.75,21.82,21.57,21.71,10899600.0,10899600.0,0.04,0.184,21.7,"September 23, 03",0.00184
2003-09-24,21.78,21.8,21.4,21.5,11325200.0,11325200.0,0.28,1.286,21.56667,"September 24, 03",0.01286
2003-09-25,21.49,21.7,21.45,21.53,9619200.0,9619200.0,-0.04,-0.186,21.56,"September 25, 03",-0.00186
2003-09-26,21.5,21.64,21.43,21.51,9366000.0,9366000.0,-0.01,-0.047,21.52667,"September 26, 03",-0.00047
2003-09-29,21.5,21.75,21.43,21.54,9579600.0,9579600.0,-0.04,-0.186,21.57333,"September 29, 03",-0.00186
2003-09-30,21.48,21.7,21.3,21.48,10289200.0,10289200.0,0.0,0.0,21.49333,"September 30, 03",0.0
2003-10-01,21.5,21.95,21.5,21.95,12962800.0,12962800.0,-0.45,-2.093,21.8,"October 01, 03",-0.02093
2003-10-02,21.98,22.17,21.85,22.13,8843800.0,8843800.0,-0.15,-0.682,22.05,"October 02, 03",-0.00682
2003-10-03,22.57,22.72,21.92,22.02,9913200.0,9913200.0,0.55,2.437,22.22,"October 03, 03",0.02437
2003-10-06,22.1,22.27,22.05,22.21,6665600.0,6665600.0,-0.11,-0.498,22.17667,"October 06, 03",-0.00498
2003-10-07,22.13,22.38,22.08,22.33,9547800.0,9547800.0,-0.2,-0.904,22.26333,"October 07, 03",-0.00904
2003-10-08,22.2,22.25,21.99,22.12,6935800.0,6935800.0,0.08,0.36,22.12,"October 08, 03",0.0036
2003-10-09,22.25,22.25,21.88,21.97,10227000.0,10227000.0,0.28,1.258,22.03333,"October 09, 03",0.01258
2003-10-10,21.9,22.05,21.86,21.92,6999600.0,6999600.0,-0.02,-0.091,21.94333,"October 10, 03",-0.00091
2003-10-13,22.03,22.13,21.91,22.07,6840400.0,6840400.0,-0.04,-0.182,22.03667,"October 13, 03",-0.00182
2003-10-14,22.0,22.37,21.92,22.28,8420400.0,8420400.0,-0.28,-1.273,22.19,"October 14, 03",-0.01273
2003-10-15,22.58,22.76,22.5,22.55,17331800.0,17331800.0,0.03,0.133,22.60333,"October 15, 03",0.00133
2003-10-16,22.25,22.5,22.25,22.5,13005400.0,13005400.0,-0.25,-1.124,22.41667,"October 16, 03",-0.01124
2003-10-17,22.59,22.63,22.36,22.53,11085000.0,11085000.0,0.06,0.266,22.50667,"October 17, 03",0.00266
2003-10-20,22.6,22.83,22.48,22.81,8543600.0,8543600.0,-0.21,-0.929,22.70667,"October 20, 03",-0.00929
2003-10-21,22.94,22.99,22.8,22.9,9734600.0,9734600.0,0.04,0.174,22.89667,"October 21, 03",0.00174
2003-10-22,22.7,22.91,22.58,22.66,8019800.0,8019800.0,0.04,0.176,22.71667,"October 22, 03",0.00176
2003-10-23,22.61,22.8,22.5,22.76,7373400.0,7373400.0,-0.15,-0.663,22.68667,"October 23, 03",-0.00663
2003-10-24,22.53,22.7,22.42,22.7,7056400.0,7056400.0,-0.17,-0.755,22.60667,"October 24, 03",-0.00755
2003-10-27,22.7,22.77,22.56,22.59,5982200.0,5982200.0,0.11,0.485,22.64,"October 27, 03",0.00485
2003-10-28,22.83,22.83,22.38,22.69,9601000.0,9601000.0,0.14,0.613,22.63333,"October 28, 03",0.00613
2003-10-29,22.69,23.12,22.69,22.92,12100000.0,12100000.0,-0.23,-1.014,22.91,"October 29, 03",-0.01014
2003-10-30,22.92,23.07,22.77,23.0,8750000.0,8750000.0,-0.08,-0.349,22.94667,"October 30, 03",-0.00349
2003-10-31,23.0,23.2,22.88,23.2,11217600.0,11217600.0,-0.2,-0.87,23.09333,"October 31, 03",-0.0087
2003-11-03,23.2,23.4,23.1,23.34,9327800.0,9327800.0,-0.14,-0.603,23.28,"November 03, 03",-0.00603
2003-11-04,23.25,23.5,23.25,23.45,8834800.0,8834800.0,-0.2,-0.86,23.4,"November 04, 03",-0.0086
2003-11-05,23.39,23.5,23.26,23.49,7830200.0,7830200.0,-0.1,-0.428,23.41667,"November 05, 03",-0.00428
2003-11-06,23.45,23.52,23.35,23.51,6969200.0,6969200.0,-0.06,-0.256,23.46,"November 06, 03",-0.00256
2003-11-07,23.38,23.5,23.2,23.32,7444000.0,7444000.0,0.06,0.257,23.34,"November 07, 03",0.00257
2003-11-10,23.23,23.4,23.23,23.31,4864800.0,4864800.0,-0.08,-0.344,23.31333,"November 10, 03",-0.00344
2003-11-11,23.32,23.42,23.18,23.26,5364600.0,5364600.0,0.06,0.257,23.28667,"November 11, 03",0.00257
2003-11-12,23.18,23.58,23.15,23.54,6520200.0,6520200.0,-0.36,-1.553,23.42333,"November 12, 03",-0.01553
2003-11-13,23.33,23.52,23.28,23.47,6847000.0,6847000.0,-0.14,-0.6,23.42333,"November 13, 03",-0.006
2003-11-14,23.39,23.5,23.25,23.34,7043000.0,7043000.0,0.05,0.214,23.36333,"November 14, 03",0.00214
2003-11-17,23.23,23.41,23.14,23.34,6101200.0,6101200.0,-0.11,-0.474,23.29667,"November 17, 03",-0.00474
2003-11-18,23.26,23.39,23.16,23.25,8956000.0,8956000.0,0.01,0.043,23.26667,"November 18, 03",0.00043
2003-11-19,23.3,23.45,23.25,23.43,8055200.0,8055200.0,-0.13,-0.558,23.37667,"November 19, 03",-0.00558
2003-11-20,23.38,23.46,23.06,23.23,7387000.0,7387000.0,0.15,0.642,23.25,"November 20, 03",0.00642
2003-11-21,23.18,23.26,23.1,23.21,6645800.0,6645800.0,-0.03,-0.129,23.19,"November 21, 03",-0.00129
2003-11-24,23.2,23.44,23.12,23.21,7904400.0,7904400.0,-0.01,-0.043,23.25667,"November 24, 03",-0.00043
2003-11-25,23.15,23.39,23.09,23.29,6966800.0,6966800.0,-0.14,-0.605,23.25667,"November 25, 03",-0.00605
2003-11-26,23.17,23.38,23.09,23.34,6502000.0,6502000.0,-0.17,-0.734,23.27,"November 26, 03",-0.00734
2003-11-28,23.13,23.35,23.11,23.25,3406000.0,3406000.0,-0.12,-0.519,23.23667,"November 28, 03",-0.00519
2003-12-01,23.33,23.53,23.2,23.51,8321200.0,8321200.0,-0.18,-0.772,23.41333,"December 01, 03",-0.00772
2003-12-02,23.46,23.54,23.27,23.5,9536000.0,9536000.0,-0.04,-0.171,23.43667,"December 02, 03",-0.00171
2003-12-03,23.5,23.84,23.5,23.7,10977400.0,10977400.0,-0.2,-0.851,23.68,"December 03, 03",-0.00851
2003-12-04,23.63,23.7,23.46,23.58,8888200.0,8888200.0,0.05,0.212,23.58,"December 04, 03",0.00212
2003-12-05,23.42,23.5,23.25,23.45,8945000.0,8945000.0,-0.03,-0.128,23.4,"December 05, 03",-0.00128
2003-12-08,23.38,23.97,23.31,23.88,14496200.0,14496200.0,-0.5,-2.139,23.72,"December 08, 03",-0.02139
2003-12-09,23.73,24.0,23.73,23.88,10372600.0,10372600.0,-0.15,-0.632,23.87,"December 09, 03",-0.00632
2003-12-10,23.83,24.2,23.83,24.09,10398600.0,10398600.0,-0.26,-1.091,24.04,"December 10, 03",-0.01091
2003-12-11,24.07,24.31,23.94,24.2,10501000.0,10501000.0,-0.13,-0.54,24.15,"December 11, 03",-0.0054
2003-12-12,24.25,24.76,24.13,24.68,13889800.0,13889800.0,-0.43,-1.773,24.52333,"December 12, 03",-0.01773
2003-12-15,24.91,24.93,24.78,24.9,16332800.0,16332800.0,0.01,0.04,24.87,"December 15, 03",0.0004
2003-12-16,24.99,25.45,24.9,25.34,17192800.0,17192800.0,-0.35,-1.401,25.23,"December 16, 03",-0.01401
2003-12-17,25.28,25.37,24.96,25.08,11163200.0,11163200.0,0.2,0.791,25.13667,"December 17, 03",0.00791
2003-12-18,24.99,25.09,24.71,24.97,14947200.0,14947200.0,0.02,0.08,24.92333,"December 18, 03",0.0008
2003-12-19,25.01,25.1,24.88,25.05,14125000.0,14125000.0,-0.04,-0.16,25.01,"December 19, 03",-0.0016
2003-12-22,25.03,25.08,24.88,25.08,9522400.0,9522400.0,-0.05,-0.2,25.01333,"December 22, 03",-0.002
2003-12-23,25.08,25.17,24.96,25.08,7370200.0,7370200.0,0.0,0.0,25.07,"December 23, 03",0.0
2003-12-24,25.0,25.06,24.92,24.95,3341400.0,3341400.0,0.05,0.2,24.97667,"December 24, 03",0.002
2003-12-26,24.98,25.04,24.93,24.98,2147400.0,2147400.0,0.0,0.0,24.98333,"December 26, 03",0.0
2003-12-29,24.95,25.08,24.89,25.08,7101400.0,7101400.0,-0.13,-0.521,25.01667,"December 29, 03",-0.00521
2003-12-30,25.0,25.42,24.98,25.26,7118600.0,7118600.0,-0.26,-1.04,25.22,"December 30, 03",-0.0104
2003-12-31,25.26,25.41,25.2,25.38,6974600.0,6974600.0,-0.12,-0.475,25.33,"December 31, 03",-0.00475
2004-01-02,25.4,25.5,25.0,25.17,7210200.0,7210200.0,0.23,0.906,25.22333,"January 02, 04",0.00906
2004-01-05,25.17,25.3,25.03,25.21,9740200.0,9740200.0,-0.04,-0.159,25.18,"January 05, 04",-0.00159
2004-01-06,25.11,25.18,25.06,25.1,8223200.0,8223200.0,0.01,0.04,25.11333,"January 06, 04",0.0004
2004-01-07,25.1,25.12,24.86,24.94,10242800.0,10242800.0,0.16,0.637,24.97333,"January 07, 04",0.00637
2004-01-08,24.91,25.08,24.83,25.06,9070800.0,9070800.0,-0.15,-0.602,24.99,"January 08, 04",-0.00602
2004-01-09,25.06,25.41,24.79,24.8,13127800.0,13127800.0,0.26,1.038,25.0,"January 09, 04",0.01038
2004-01-12,24.75,25.03,24.73,25.0,9204400.0,9204400.0,-0.25,-1.01,24.92,"January 12, 04",-0.0101
2004-01-13,24.88,25.1,24.8,24.86,8906000.0,8906000.0,0.02,0.08,24.92,"January 13, 04",0.0008
2004-01-14,24.86,24.92,24.8,24.9,7565200.0,7565200.0,-0.04,-0.161,24.87333,"January 14, 04",-0.00161
2004-01-15,24.7,24.9,24.59,24.87,9990200.0,9990200.0,-0.17,-0.688,24.78667,"January 15, 04",-0.00688
2004-01-16,24.87,25.01,24.8,24.94,8282800.0,8282800.0,-0.07,-0.281,24.91667,"January 16, 04",-0.00281
2004-01-20,24.85,25.03,24.83,24.97,8777000.0,8777000.0,-0.12,-0.483,24.94333,"January 20, 04",-0.00483
2004-01-21,24.91,25.0,24.83,24.89,7990200.0,7990200.0,0.02,0.08,24.90667,"January 21, 04",0.0008
2004-01-22,24.76,24.85,24.51,24.67,11138600.0,11138600.0,0.09,0.363,24.67667,"January 22, 04",0.00363
2004-01-23,24.7,25.08,24.67,25.02,11214600.0,11214600.0,-0.32,-1.296,24.92333,"January 23, 04",-0.01296
2004-01-26,24.95,25.2,24.92,25.09,8437000.0,8437000.0,-0.14,-0.561,25.07,"January 26, 04",-0.00561
2004-01-27,25.02,25.29,24.99,25.0,8519400.0,8519400.0,0.02,0.08,25.09333,"January 27, 04",0.0008
2004-01-28,24.9,25.15,24.57,24.7,10017800.0,10017800.0,0.2,0.803,24.80667,"January 28, 04",0.00803
2004-01-29,24.63,25.08,24.55,24.8,8916600.0,8916600.0,-0.17,-0.69,24.81,"January 29, 04",-0.0069
2004-01-30,24.55,24.7,24.33,24.62,12398200.0,12398200.0,-0.07,-0.285,24.55,"January 30, 04",-0.00285
2004-02-02,24.5,24.99,24.46,24.81,8595600.0,8595600.0,-0.31,-1.265,24.75333,"February 02, 04",-0.01265
2004-02-03,24.73,25.0,24.66,24.92,7749600.0,7749600.0,-0.19,-0.768,24.86,"February 03, 04",-0.00768
2004-02-04,24.72,24.99,24.7,24.88,9109400.0,9109400.0,-0.16,-0.647,24.85667,"February 04, 04",-0.00647
2004-02-05,24.8,25.29,24.79,25.19,10215800.0,10215800.0,-0.39,-1.573,25.09,"February 05, 04",-0.01573
2004-02-06,25.13,25.5,25.12,25.5,10103000.0,10103000.0,-0.37,-1.472,25.37333,"February 06, 04",-0.01472
2004-02-09,25.55,26.39,25.55,26.2,11581000.0,11581000.0,-0.65,-2.544,26.04667,"February 09, 04",-0.02544
2004-02-10,26.17,26.2,25.96,26.08,10408000.0,10408000.0,0.09,0.344,26.08,"February 10, 04",0.00344
2004-02-11,25.8,25.97,25.56,25.9,11974200.0,11974200.0,-0.1,-0.388,25.81,"February 11, 04",-0.00388
2004-02-12,25.66,25.85,25.65,25.77,6958200.0,6958200.0,-0.11,-0.429,25.75667,"February 12, 04",-0.00429
2004-02-13,25.99,25.99,25.53,25.57,8566200.0,8566200.0,0.42,1.616,25.69667,"February 13, 04",0.01616
2004-02-17,25.65,25.69,25.45,25.57,7491600.0,7491600.0,0.08,0.312,25.57,"February 17, 04",0.00312
2004-02-18,25.57,25.67,25.46,25.62,7385200.0,7385200.0,-0.05,-0.196,25.58333,"February 18, 04",-0.00196
2004-02-19,25.58,25.69,25.42,25.5,9698800.0,9698800.0,0.08,0.313,25.53667,"February 19, 04",0.00313
2004-02-20,25.23,25.49,25.08,25.47,14664600.0,14664600.0,-0.24,-0.951,25.34667,"February 20, 04",-0.00951
2004-02-23,25.28,25.55,25.13,25.17,11319600.0,11319600.0,0.11,0.435,25.28333,"February 23, 04",0.00435
2004-02-24,25.11,25.23,24.77,24.89,14578400.0,14578400.0,0.22,0.876,24.96333,"February 24, 04",0.00876
2004-02-25,24.8,25.02,24.79,24.83,10332400.0,10332400.0,-0.03,-0.121,24.88,"February 25, 04",-0.00121
2004-02-26,24.82,24.98,24.74,24.92,9824000.0,9824000.0,-0.1,-0.403,24.88,"February 26, 04",-0.00403
2004-02-27,24.56,25.17,24.31,24.98,14180400.0,14180400.0,-0.42,-1.71,24.82,"February 27, 04",-0.0171
2004-03-01,24.87,24.92,24.65,24.81,15142800.0,15142800.0,0.06,0.241,24.79333,"March 01, 04",0.00241
2004-03-02,24.7,24.86,24.51,24.64,12598600.0,12598600.0,0.06,0.243,24.67,"March 02, 04",0.00243
2004-03-03,24.5,24.66,24.5,24.57,11588800.0,11588800.0,-0.07,-0.286,24.57667,"March 03, 04",-0.00286
2004-03-04,24.45,24.53,24.28,24.42,8508000.0,8508000.0,0.03,0.123,24.41,"March 04, 04",0.00123
2004-03-05,24.38,25.13,24.29,25.05,22941800.0,22941800.0,-0.67,-2.748,24.82333,"March 05, 04",-0.02748
2004-03-08,24.99,25.1,24.88,24.93,12211400.0,12211400.0,0.06,0.24,24.97,"March 08, 04",0.0024
2004-03-09,24.88,25.3,24.81,25.09,12788400.0,12788400.0,-0.21,-0.844,25.06667,"March 09, 04",-0.00844
2004-03-10,25.09,25.24,24.86,24.95,11676000.0,11676000.0,0.14,0.558,25.01667,"March 10, 04",0.00558
2004-03-11,24.78,24.81,24.05,24.09,18371000.0,18371000.0,0.69,2.785,24.31667,"March 11, 04",0.02785
2004-03-12,24.17,24.23,23.84,24.23,15979600.0,15979600.0,-0.06,-0.248,24.1,"March 12, 04",-0.00248
2004-03-15,24.33,24.38,23.79,23.86,16688400.0,16688400.0,0.47,1.932,24.01,"March 15, 04",0.01932
2004-03-16,24.0,24.23,23.92,24.08,11500800.0,11500800.0,-0.08,-0.333,24.07667,"March 16, 04",-0.00333
2004-03-17,24.19,24.5,24.1,24.44,9687000.0,9687000.0,-0.25,-1.033,24.34667,"March 17, 04",-0.01033
2004-03-18,24.43,24.75,24.43,24.52,9101600.0,9101600.0,-0.09,-0.368,24.56667,"March 18, 04",-0.00368
2004-03-19,24.53,24.61,24.31,24.39,12974200.0,12974200.0,0.14,0.571,24.43667,"March 19, 04",0.00571
2004-03-22,24.17,24.39,23.98,24.13,11216800.0,11216800.0,0.04,0.165,24.16667,"March 22, 04",0.00165
2004-03-23,24.15,24.25,24.04,24.07,8855600.0,8855600.0,0.08,0.331,24.12,"March 23, 04",0.00331
2004-03-24,24.15,24.3,24.08,24.25,10076200.0,10076200.0,-0.1,-0.414,24.21,"March 24, 04",-0.00414
2004-03-25,24.33,24.39,24.07,24.38,8376600.0,8376600.0,-0.05,-0.206,24.28,"March 25, 04",-0.00206
2004-03-26,24.3,24.58,24.17,24.39,8349200.0,8349200.0,-0.09,-0.37,24.38,"March 26, 04",-0.0037
2004-03-29,24.69,24.91,24.59,24.7,9608200.0,9608200.0,-0.01,-0.041,24.73333,"March 29, 04",-0.00041
2004-03-30,24.78,25.18,24.73,25.12,14505400.0,14505400.0,-0.34,-1.372,25.01,"March 30, 04",-0.01372
2004-03-31,25.03,25.24,24.92,25.15,10403200.0,10403200.0,-0.12,-0.479,25.10333,"March 31, 04",-0.00479
2004-04-01,25.24,25.33,25.12,25.29,8979400.0,8979400.0,-0.05,-0.198,25.24667,"April 01, 04",-0.00198
2004-04-02,25.53,25.53,25.32,25.47,9452800.0,9452800.0,0.06,0.235,25.44,"April 02, 04",0.00235
2004-04-05,25.38,25.42,25.25,25.29,9491000.0,9491000.0,0.09,0.355,25.32,"April 05, 04",0.00355
2004-04-06,25.1,25.56,25.07,25.43,9925800.0,9925800.0,-0.33,-1.315,25.35333,"April 06, 04",-0.01315
2004-04-07,25.35,25.63,25.29,25.54,11291200.0,11291200.0,-0.19,-0.75,25.48667,"April 07, 04",-0.0075
2004-04-08,25.66,25.79,25.5,25.62,8024800.0,8024800.0,0.04,0.156,25.63667,"April 08, 04",0.00156
2004-04-12,25.53,25.61,25.39,25.42,9983600.0,9983600.0,0.11,0.431,25.47333,"April 12, 04",0.00431
2004-04-13,25.43,25.5,25.28,25.45,12863000.0,12863000.0,-0.02,-0.079,25.41,"April 13, 04",-0.00079
2004-04-14,25.4,25.75,25.36,25.59,8876400.0,8876400.0,-0.19,-0.748,25.56667,"April 14, 04",-0.00748
2004-04-15,25.72,25.85,25.51,25.6,8750000.0,8750000.0,0.12,0.467,25.65333,"April 15, 04",0.00467
2004-04-16,25.73,26.03,25.63,25.97,10517000.0,10517000.0,-0.24,-0.933,25.87667,"April 16, 04",-0.00933
2004-04-19,26.15,26.75,26.15,26.5,17597800.0,17597800.0,-0.35,-1.338,26.46667,"April 19, 04",-0.01338
2004-04-20,26.53,26.54,26.11,26.14,9239600.0,9239600.0,0.39,1.47,26.26333,"April 20, 04",0.0147
2004-04-21,25.8,26.35,25.75,26.07,14946400.0,14946400.0,-0.27,-1.047,26.05667,"April 21, 04",-0.01047
2004-04-22,25.35,25.8,25.35,25.73,18415600.0,18415600.0,-0.38,-1.499,25.62667,"April 22, 04",-0.01499
2004-04-23,25.63,25.67,25.38,25.53,13696000.0,13696000.0,0.1,0.39,25.52667,"April 23, 04",0.0039
2004-04-26,25.53,25.59,25.26,25.34,11161600.0,11161600.0,0.19,0.744,25.39667,"April 26, 04",0.00744
2004-04-27,25.38,25.4,25.25,25.36,11534200.0,11534200.0,0.02,0.079,25.33667,"April 27, 04",0.00079
2004-04-28,25.35,25.4,25.08,25.11,9501200.0,9501200.0,0.24,0.947,25.19667,"April 28, 04",0.00947
2004-04-29,25.07,25.32,24.89,25.23,10371400.0,10371400.0,-0.16,-0.638,25.14667,"April 29, 04",-0.00638
2004-04-30,25.23,25.62,25.13,25.29,10971200.0,10971200.0,-0.06,-0.238,25.34667,"April 30, 04",-0.00238
2004-05-03,25.33,25.48,25.14,25.31,8053800.0,8053800.0,0.02,0.079,25.31,"May 03, 04",0.00079
2004-05-04,25.26,25.28,24.95,25.14,10786000.0,10786000.0,0.12,0.475,25.12333,"May 04, 04",0.00475
2004-05-05,25.4,25.61,25.17,25.55,11156200.0,11156200.0,-0.15,-0.591,25.44333,"May 05, 04",-0.00591
2004-05-06,25.38,25.72,25.38,25.54,9009600.0,9009600.0,-0.16,-0.63,25.54667,"May 06, 04",-0.0063
2004-05-07,25.45,25.79,25.33,25.37,10231800.0,10231800.0,0.08,0.314,25.49667,"May 07, 04",0.00314
2004-05-10,25.25,25.3,24.88,24.97,13490400.0,13490400.0,0.28,1.109,25.05,"May 10, 04",0.01109
2004-05-11,24.7,25.05,24.65,25.03,10300800.0,10300800.0,-0.33,-1.336,24.91,"May 11, 04",-0.01336
2004-05-12,25.0,25.0,24.64,24.96,8902400.0,8902400.0,0.04,0.16,24.86667,"May 12, 04",0.0016
2004-05-13,24.83,24.95,24.63,24.81,7085000.0,7085000.0,0.02,0.081,24.79667,"May 13, 04",0.00081
2004-05-14,24.68,25.02,24.65,25.0,8548800.0,8548800.0,-0.32,-1.297,24.89,"May 14, 04",-0.01297
2004-05-17,24.82,25.06,24.75,24.91,7597800.0,7597800.0,-0.09,-0.363,24.90667,"May 17, 04",-0.00363
2004-05-18,24.85,25.24,24.76,25.05,9899400.0,9899400.0,-0.2,-0.805,25.01667,"May 18, 04",-0.00805
2004-05-19,25.01,25.08,24.66,24.68,9078400.0,9078400.0,0.33,1.319,24.80667,"May 19, 04",0.01319
2004-05-20,24.59,24.98,24.58,24.82,7053400.0,7053400.0,-0.23,-0.935,24.79333,"May 20, 04",-0.00935
2004-05-21,25.14,25.14,24.65,24.69,9992000.0,9992000.0,0.45,1.79,24.82667,"May 21, 04",0.0179
2004-05-24,24.8,24.96,24.7,24.92,9990000.0,9990000.0,-0.12,-0.484,24.86,"May 24, 04",-0.00484
2004-05-25,24.85,25.26,24.76,25.2,11520800.0,11520800.0,-0.35,-1.408,25.07333,"May 25, 04",-0.01408
2004-05-26,25.21,25.36,24.98,25.11,7401600.0,7401600.0,0.1,0.397,25.15,"May 26, 04",0.00397
2004-05-27,25.45,25.71,25.42,25.66,11214800.0,11214800.0,-0.21,-0.825,25.59667,"May 27, 04",-0.00825
2004-05-28,25.69,25.75,25.59,25.67,7948400.0,7948400.0,0.02,0.078,25.67,"May 28, 04",0.00078
2004-06-01,25.6,25.78,25.36,25.54,6464000.0,6464000.0,0.06,0.234,25.56,"June 01, 04",0.00234
2004-06-02,25.8,26.0,25.75,25.97,11810600.0,11810600.0,-0.17,-0.659,25.90667,"June 02, 04",-0.00659
2004-06-03,25.98,26.08,25.85,25.89,8386800.0,8386800.0,0.09,0.346,25.94,"June 03, 04",0.00346
2004-06-04,26.01,26.25,25.9,26.14,7293600.0,7293600.0,-0.13,-0.5,26.09667,"June 04, 04",-0.005
2004-06-07,26.14,26.38,26.06,26.36,7378000.0,7378000.0,-0.22,-0.842,26.26667,"June 07, 04",-0.00842
2004-06-08,26.2,26.33,26.14,26.31,8212000.0,8212000.0,-0.11,-0.42,26.26,"June 08, 04",-0.0042
2004-06-09,25.95,26.0,25.71,25.88,13833400.0,13833400.0,0.07,0.27,25.86333,"June 09, 04",0.0027
2004-06-10,26.0,26.0,25.62,25.82,9386000.0,9386000.0,0.18,0.692,25.81333,"June 10, 04",0.00692
2004-06-14,25.62,25.75,25.5,25.69,7353400.0,7353400.0,-0.07,-0.273,25.64667,"June 14, 04",-0.00273
2004-06-15,25.92,25.92,25.48,25.62,9286200.0,9286200.0,0.3,1.157,25.67333,"June 15, 04",0.01157
2004-06-16,25.55,25.62,25.38,25.59,7924400.0,7924400.0,-0.04,-0.157,25.53,"June 16, 04",-0.00157
2004-06-17,25.59,25.61,25.48,25.55,6106800.0,6106800.0,0.04,0.156,25.54667,"June 17, 04",0.00156
2004-06-18,25.42,25.74,25.34,25.7,10107400.0,10107400.0,-0.28,-1.101,25.59333,"June 18, 04",-0.01101
2004-06-21,25.65,25.84,25.58,25.58,5516800.0,5516800.0,0.07,0.273,25.66667,"June 21, 04",0.00273
2004-06-22,25.49,25.64,25.4,25.51,7195000.0,7195000.0,-0.02,-0.078,25.51667,"June 22, 04",-0.00078
2004-06-23,25.53,25.69,25.35,25.65,6094000.0,6094000.0,-0.12,-0.47,25.56333,"June 23, 04",-0.0047
2004-06-24,25.58,25.7,25.48,25.52,6205600.0,6205600.0,0.06,0.235,25.56667,"June 24, 04",0.00235
2004-06-25,25.56,25.67,25.05,25.05,10580800.0,10580800.0,0.51,1.995,25.25667,"June 25, 04",0.01995
2004-06-28,25.17,25.38,25.13,25.2,7731600.0,7731600.0,-0.03,-0.119,25.23667,"June 28, 04",-0.00119
2004-06-29,25.2,25.42,25.2,25.27,6743400.0,6743400.0,-0.07,-0.278,25.29667,"June 29, 04",-0.00278
2004-06-30,25.23,25.32,25.12,25.24,8854000.0,8854000.0,-0.01,-0.04,25.22667,"June 30, 04",-0.0004
2004-07-01,25.25,25.44,25.1,25.18,9761200.0,9761200.0,0.07,0.277,25.24,"July 01, 04",0.00277
2004-07-02,25.3,25.57,25.23,25.26,6780200.0,6780200.0,0.04,0.158,25.35333,"July 02, 04",0.00158
2004-07-06,25.23,25.53,25.21,25.33,5764600.0,5764600.0,-0.1,-0.396,25.35667,"July 06, 04",-0.00396
2004-07-07,25.25,25.35,25.09,25.21,6745000.0,6745000.0,0.04,0.158,25.21667,"July 07, 04",0.00158
2004-07-08,25.26,25.57,25.21,25.28,8869200.0,8869200.0,-0.02,-0.079,25.35333,"July 08, 04",-0.00079
2004-07-09,25.29,25.51,25.17,25.51,6813400.0,6813400.0,-0.22,-0.87,25.39667,"July 09, 04",-0.0087
2004-07-12,25.51,25.7,25.26,25.42,6718600.0,6718600.0,0.09,0.353,25.46,"July 12, 04",0.00353
2004-07-13,25.21,25.4,25.2,25.33,5210600.0,5210600.0,-0.12,-0.476,25.31,"July 13, 04",-0.00476
2004-07-14,25.25,25.67,25.25,25.58,8310000.0,8310000.0,-0.33,-1.307,25.5,"July 14, 04",-0.01307
2004-07-15,25.67,25.68,25.39,25.42,8425000.0,8425000.0,0.25,0.974,25.49667,"July 15, 04",0.00974
2004-07-16,25.63,25.63,25.16,25.29,7449600.0,7449600.0,0.34,1.327,25.36,"July 16, 04",0.01327
2004-07-19,25.33,25.34,25.03,25.17,9049600.0,9049600.0,0.16,0.632,25.18,"July 19, 04",0.00632
2004-07-20,25.05,25.17,24.91,25.04,8366800.0,8366800.0,0.01,0.04,25.04,"July 20, 04",0.0004
2004-07-21,24.98,25.17,24.6,24.6,9999800.0,9999800.0,0.38,1.521,24.79,"July 21, 04",0.01521
2004-07-22,24.53,24.62,24.28,24.49,8141800.0,8141800.0,0.04,0.163,24.46333,"July 22, 04",0.00163
2004-07-23,23.43,23.43,22.06,22.58,50347800.0,50347800.0,0.85,3.628,22.69,"July 23, 04",0.03628
2004-07-26,22.67,22.74,22.06,22.15,21925000.0,21925000.0,0.52,2.294,22.31667,"July 26, 04",0.02294
2004-07-27,22.17,22.28,21.73,21.88,27922000.0,27922000.0,0.29,1.308,21.96333,"July 27, 04",0.01308
2004-07-28,21.88,22.08,21.77,21.84,25208600.0,25208600.0,0.04,0.183,21.89667,"July 28, 04",0.00183
2004-07-29,21.84,21.84,21.4,21.53,26268800.0,26268800.0,0.31,1.419,21.59,"July 29, 04",0.01419
2004-07-30,21.54,21.99,21.53,21.93,17788200.0,17788200.0,-0.39,-1.811,21.81667,"July 30, 04",-0.01811
2004-08-02,21.9,22.3,21.83,22.11,15973400.0,15973400.0,-0.21,-0.959,22.08,"August 02, 04",-0.00959
2004-08-03,22.15,22.18,21.95,22.06,12271600.0,12271600.0,0.09,0.406,22.06333,"August 03, 04",0.00406
2004-08-04,21.93,22.26,21.91,22.1,10292400.0,10292400.0,-0.17,-0.775,22.09,"August 04, 04",-0.00775
2004-08-05,22.1,22.24,21.88,21.92,15254600.0,15254600.0,0.18,0.814,22.01333,"August 05, 04",0.00814
2004-08-06,21.87,21.95,21.62,21.75,17143200.0,17143200.0,0.12,0.549,21.77333,"August 06, 04",0.00549
2004-08-09,21.75,21.83,21.58,21.61,9179800.0,9179800.0,0.14,0.644,21.67333,"August 09, 04",0.00644
2004-08-10,21.63,21.74,21.53,21.73,10483200.0,10483200.0,-0.1,-0.462,21.66667,"August 10, 04",-0.00462
2004-08-11,21.73,22.31,21.63,22.23,13898400.0,13898400.0,-0.5,-2.301,22.05667,"August 11, 04",-0.02301
2004-08-12,22.22,22.32,21.9,21.92,11305000.0,11305000.0,0.3,1.35,22.04667,"August 12, 04",0.0135
2004-08-13,21.92,22.2,21.86,22.18,8895200.0,8895200.0,-0.26,-1.186,22.08,"August 13, 04",-0.01186
2004-08-16,22.25,22.33,22.07,22.26,9069400.0,9069400.0,-0.01,-0.045,22.22,"August 16, 04",-0.00045
2004-08-17,22.26,22.41,22.12,22.17,8221200.0,8221200.0,0.09,0.404,22.23333,"August 17, 04",0.00404
2004-08-18,22.2,22.31,22.08,22.29,8944000.0,8944000.0,-0.09,-0.405,22.22667,"August 18, 04",-0.00405
2004-08-19,22.17,22.28,21.83,22.01,10514000.0,10514000.0,0.16,0.722,22.04,"August 19, 04",0.00722
2004-08-20,21.95,22.11,21.78,22.11,9611600.0,9611600.0,-0.16,-0.729,22.0,"August 20, 04",-0.00729
2004-08-23,22.12,22.36,22.0,22.17,8768200.0,8768200.0,-0.05,-0.226,22.17667,"August 23, 04",-0.00226
2004-08-24,22.25,22.25,22.0,22.01,9699600.0,9699600.0,0.24,1.079,22.08667,"August 24, 04",0.01079
2004-08-25,21.99,22.23,21.86,22.17,9734400.0,9734400.0,-0.18,-0.819,22.08667,"August 25, 04",-0.00819
2004-08-26,22.17,22.33,22.09,22.23,5642400.0,5642400.0,-0.06,-0.271,22.21667,"August 26, 04",-0.00271
2004-08-27,22.28,22.45,22.25,22.36,5444200.0,5444200.0,-0.08,-0.359,22.35333,"August 27, 04",-0.00359
2004-08-30,22.25,22.33,22.17,22.17,5287800.0,5287800.0,0.08,0.36,22.22333,"August 30, 04",0.0036
2004-08-31,22.19,22.36,22.01,22.36,7030200.0,7030200.0,-0.17,-0.766,22.24333,"August 31, 04",-0.00766
2004-09-01,22.4,22.43,22.15,22.32,7076200.0,7076200.0,0.08,0.357,22.3,"September 01, 04",0.00357
2004-09-02,22.32,22.74,22.28,22.7,10707400.0,10707400.0,-0.38,-1.703,22.57333,"September 02, 04",-0.01703
2004-09-03,22.72,22.94,22.71,22.75,9841800.0,9841800.0,-0.03,-0.132,22.8,"September 03, 04",-0.00132
2004-09-07,22.85,22.9,22.58,22.83,8490200.0,8490200.0,0.02,0.088,22.77,"September 07, 04",0.00088
2004-09-08,22.67,22.67,21.7,21.73,23239400.0,23239400.0,0.94,4.146,22.03333,"September 08, 04",0.04146
2004-09-09,21.65,21.82,21.51,21.75,18173800.0,18173800.0,-0.1,-0.462,21.69333,"September 09, 04",-0.00462
2004-09-10,21.53,21.59,21.33,21.48,20256000.0,20256000.0,0.05,0.232,21.46667,"September 10, 04",0.00232
2004-09-13,21.4,21.49,21.25,21.4,18311200.0,18311200.0,0.0,0.0,21.38,"September 13, 04",0.0
2004-09-14,21.28,21.59,21.28,21.43,18448400.0,18448400.0,-0.15,-0.705,21.43333,"September 14, 04",-0.00705
2004-09-15,20.41,20.62,20.19,20.58,61406200.0,61406200.0,-0.17,-0.833,20.46333,"September 15, 04",-0.00833
2004-09-16,20.61,20.67,19.98,20.02,43299200.0,43299200.0,0.59,2.863,20.22333,"September 16, 04",0.02863
2004-09-17,19.98,20.29,19.98,20.15,24090600.0,24090600.0,-0.17,-0.851,20.14,"September 17, 04",-0.00851
2004-09-20,20.2,20.25,20.06,20.22,14747000.0,14747000.0,-0.02,-0.099,20.17667,"September 20, 04",-0.00099
2004-09-21,20.33,20.5,20.18,20.37,15514000.0,15514000.0,-0.04,-0.197,20.35,"September 21, 04",-0.00197
2004-09-22,20.39,20.48,20.2,20.21,20142000.0,20142000.0,0.18,0.883,20.29667,"September 22, 04",0.00883
2004-09-23,20.22,20.33,20.01,20.01,15195200.0,15195200.0,0.21,1.039,20.11667,"September 23, 04",0.01039
2004-09-24,20.0,20.05,19.87,20.0,14931800.0,14931800.0,0.0,0.0,19.97333,"September 24, 04",0.0
2004-09-27,19.62,20.0,19.62,19.82,17705800.0,17705800.0,-0.2,-1.019,19.81333,"September 27, 04",-0.01019
2004-09-28,19.9,20.03,19.85,20.0,13817200.0,13817200.0,-0.1,-0.503,19.96,"September 28, 04",-0.00503
2004-09-29,19.9,20.05,19.82,20.0,13398800.0,13398800.0,-0.1,-0.503,19.95667,"September 29, 04",-0.00503
2004-09-30,20.08,20.2,19.96,20.03,12534000.0,12534000.0,0.05,0.249,20.06333,"September 30, 04",0.00249
2004-10-01,20.24,20.39,20.14,20.16,15593800.0,15593800.0,0.08,0.395,20.23,"October 01, 04",0.00395
2004-10-04,20.17,20.45,20.17,20.38,13469800.0,13469800.0,-0.21,-1.041,20.33333,"October 04, 04",-0.01041
2004-10-05,20.38,20.57,20.3,20.32,15395400.0,15395400.0,0.06,0.294,20.39667,"October 05, 04",0.00294
2004-10-06,20.3,20.45,20.22,20.45,12522200.0,12522200.0,-0.15,-0.739,20.37333,"October 06, 04",-0.00739
2004-10-07,20.48,20.48,20.06,20.06,8238000.0,8238000.0,0.42,2.051,20.2,"October 07, 04",0.02051
2004-10-08,20.03,20.15,19.96,20.0,13898800.0,13898800.0,0.03,0.15,20.03667,"October 08, 04",0.0015
2004-10-11,20.06,20.08,19.91,20.0,7699200.0,7699200.0,0.06,0.299,19.99667,"October 11, 04",0.00299
2004-10-12,19.83,19.92,19.79,19.89,11810200.0,11810200.0,-0.06,-0.303,19.86667,"October 12, 04",-0.00303
2004-10-13,19.89,19.95,19.63,19.7,12224000.0,12224000.0,0.19,0.955,19.76,"October 13, 04",0.00955
2004-10-14,19.75,19.89,19.58,19.58,10283600.0,10283600.0,0.17,0.861,19.68333,"October 14, 04",0.00861
2004-10-15,19.75,19.75,19.53,19.6,14591400.0,14591400.0,0.15,0.759,19.62667,"October 15, 04",0.00759
2004-10-18,19.55,19.66,19.5,19.62,10428200.0,10428200.0,-0.07,-0.358,19.59333,"October 18, 04",-0.00358
2004-10-19,19.88,19.88,19.6,19.69,15291600.0,15291600.0,0.19,0.956,19.72333,"October 19, 04",0.00956
2004-10-20,19.64,19.75,19.63,19.73,11038000.0,11038000.0,-0.09,-0.458,19.70333,"October 20, 04",-0.00458
2004-10-21,19.65,19.76,19.58,19.74,11923600.0,11923600.0,-0.09,-0.458,19.69333,"October 21, 04",-0.00458
2004-10-22,20.0,20.13,19.38,19.45,22106400.0,22106400.0,0.55,2.75,19.65333,"October 22, 04",0.0275
2004-10-25,19.51,19.51,19.21,19.33,14432800.0,14432800.0,0.18,0.923,19.35,"October 25, 04",0.00923
2004-10-26,19.38,19.75,19.15,19.65,16715800.0,16715800.0,-0.27,-1.393,19.51667,"October 26, 04",-0.01393
2004-10-27,19.57,20.22,19.47,20.22,17942400.0,17942400.0,-0.65,-3.321,19.97,"October 27, 04",-0.03321
2004-10-28,20.17,20.38,20.0,20.25,12326400.0,12326400.0,-0.08,-0.397,20.21,"October 28, 04",-0.00397
2004-10-29,20.45,20.45,20.25,20.33,16822600.0,16822600.0,0.12,0.587,20.34333,"October 29, 04",0.00587
2004-11-01,20.35,20.39,20.16,20.26,11649200.0,11649200.0,0.09,0.442,20.27,"November 01, 04",0.00442
2004-11-02,20.0,20.63,20.0,20.33,12005400.0,12005400.0,-0.33,-1.65,20.32,"November 02, 04",-0.0165
2004-11-03,20.39,20.54,20.3,20.42,13773800.0,13773800.0,-0.03,-0.147,20.42,"November 03, 04",-0.00147
2004-11-04,20.5,20.74,20.46,20.68,17884000.0,17884000.0,-0.18,-0.878,20.62667,"November 04, 04",-0.00878
2004-11-05,20.83,20.87,20.58,20.7,12283600.0,12283600.0,0.13,0.624,20.71667,"November 05, 04",0.00624
2004-11-08,20.78,20.8,20.59,20.64,10122200.0,10122200.0,0.14,0.674,20.67667,"November 08, 04",0.00674
2004-11-09,20.73,20.78,20.61,20.62,10215800.0,10215800.0,0.11,0.531,20.67,"November 09, 04",0.00531
2004-11-10,20.74,20.75,20.5,20.58,10052000.0,10052000.0,0.16,0.771,20.61,"November 10, 04",0.00771
2004-11-11,20.08,20.55,19.68,20.48,37510800.0,37510800.0,-0.4,-1.992,20.23667,"November 11, 04",-0.01992
2004-11-12,20.36,20.41,20.05,20.4,23008600.0,23008600.0,-0.04,-0.196,20.28667,"November 12, 04",-0.00196
2004-11-15,20.35,20.41,20.21,20.29,13567400.0,13567400.0,0.06,0.295,20.30333,"November 15, 04",0.00295
2004-11-16,20.3,20.5,20.08,20.13,14366400.0,14366400.0,0.17,0.837,20.23667,"November 16, 04",0.00837
2004-11-17,20.15,20.4,19.96,20.14,14161200.0,14161200.0,0.01,0.05,20.16667,"November 17, 04",0.0005
2004-11-18,20.24,20.25,20.03,20.14,12628600.0,12628600.0,0.1,0.494,20.14,"November 18, 04",0.00494
2004-11-19,20.1,20.18,19.86,19.87,18230600.0,18230600.0,0.23,1.144,19.97,"November 19, 04",0.01144
2004-11-22,19.95,19.95,19.74,19.93,14761600.0,14761600.0,0.02,0.1,19.87333,"November 22, 04",0.001
2004-11-23,19.9,19.92,19.7,19.86,15814800.0,15814800.0,0.04,0.201,19.82667,"November 23, 04",0.00201
2004-11-24,19.9,19.92,19.8,19.9,11893600.0,11893600.0,0.0,0.0,19.87333,"November 24, 04",0.0
2004-11-26,19.85,19.97,19.84,19.93,6474800.0,6474800.0,-0.08,-0.403,19.91333,"November 26, 04",-0.00403
2004-11-29,20.0,20.0,19.67,19.86,13666800.0,13666800.0,0.14,0.7,19.84333,"November 29, 04",0.007
2004-11-30,19.76,19.86,19.61,19.66,16382800.0,16382800.0,0.1,0.506,19.71,"November 30, 04",0.00506
2004-12-01,19.73,19.89,19.65,19.89,20019800.0,20019800.0,-0.16,-0.811,19.81,"December 01, 04",-0.00811
2004-12-02,19.89,20.25,19.85,20.21,25100400.0,25100400.0,-0.32,-1.609,20.10333,"December 02, 04",-0.01609
2004-12-03,20.25,20.63,20.25,20.36,20564000.0,20564000.0,-0.11,-0.543,20.41333,"December 03, 04",-0.00543
2004-12-06,20.39,20.41,20.13,20.2,11860600.0,11860600.0,0.19,0.932,20.24667,"December 06, 04",0.00932
2004-12-07,20.2,20.25,20.07,20.08,11603200.0,11603200.0,0.12,0.594,20.13333,"December 07, 04",0.00594
2004-12-08,20.18,20.25,20.08,20.2,12023200.0,12023200.0,-0.02,-0.099,20.17667,"December 08, 04",-0.00099
2004-12-09,20.07,20.46,20.04,20.41,15715600.0,15715600.0,-0.34,-1.694,20.30333,"December 09, 04",-0.01694
2004-12-10,20.13,20.37,20.13,20.26,10780000.0,10780000.0,-0.13,-0.646,20.25333,"December 10, 04",-0.00646
2004-12-13,20.3,20.46,20.12,20.43,13432400.0,13432400.0,-0.13,-0.64,20.33667,"December 13, 04",-0.0064
2004-12-14,20.43,20.71,20.4,20.65,14325800.0,14325800.0,-0.22,-1.077,20.58667,"December 14, 04",-0.01077
2004-12-15,20.73,20.78,20.5,20.74,12765800.0,12765800.0,-0.01,-0.048,20.67333,"December 15, 04",-0.00048
2004-12-16,20.75,20.8,20.48,20.57,13292600.0,13292600.0,0.18,0.867,20.61667,"December 16, 04",0.00867
2004-12-17,20.5,20.65,20.48,20.48,22433000.0,22433000.0,0.02,0.098,20.53667,"December 17, 04",0.00098
2004-12-20,20.6,20.61,20.4,20.48,11756400.0,11756400.0,0.12,0.583,20.49667,"December 20, 04",0.00583
2004-12-21,20.48,20.58,20.4,20.5,14368000.0,14368000.0,-0.02,-0.098,20.49333,"December 21, 04",-0.00098
2004-12-22,20.5,20.9,20.5,20.79,14404000.0,14404000.0,-0.29,-1.415,20.73,"December 22, 04",-0.01415
2004-12-23,20.75,20.9,20.66,20.75,8831800.0,8831800.0,0.0,0.0,20.77,"December 23, 04",0.0
2004-12-27,20.73,20.93,20.73,20.83,8800600.0,8800600.0,-0.1,-0.482,20.83,"December 27, 04",-0.00482
2004-12-28,20.88,20.94,20.76,20.92,10439400.0,10439400.0,-0.04,-0.192,20.87333,"December 28, 04",-0.00192
2004-12-29,20.87,20.87,20.65,20.78,10343200.0,10343200.0,0.09,0.431,20.76667,"December 29, 04",0.00431
2004-12-30,20.75,20.96,20.66,20.83,9978600.0,9978600.0,-0.08,-0.386,20.81667,"December 30, 04",-0.00386
2004-12-31,20.84,20.95,20.77,20.82,9805800.0,9805800.0,0.02,0.096,20.84667,"December 31, 04",0.00096
2005-01-03,20.95,20.99,20.71,20.77,14072000.0,14072000.0,0.18,0.859,20.82333,"January 03, 05",0.00859
2005-01-04,20.77,20.83,20.45,20.48,16860200.0,16860200.0,0.29,1.396,20.58667,"January 04, 05",0.01396
2005-01-05,20.5,20.6,20.37,20.39,13271000.0,13271000.0,0.11,0.537,20.45333,"January 05, 05",0.00537
2005-01-06,20.34,20.58,20.28,20.56,10038600.0,10038600.0,-0.22,-1.082,20.47333,"January 06, 05",-0.01082
2005-01-07,20.54,20.73,20.42,20.58,9732800.0,9732800.0,-0.04,-0.195,20.57667,"January 07, 05",-0.00195
2005-01-10,20.54,20.76,20.5,20.7,10577000.0,10577000.0,-0.16,-0.779,20.65333,"January 10, 05",-0.00779
2005-01-11,20.63,20.66,20.5,20.58,10594000.0,10594000.0,0.05,0.242,20.58,"January 11, 05",0.00242
2005-01-12,20.58,20.63,20.42,20.58,10857200.0,10857200.0,0.0,0.0,20.54333,"January 12, 05",0.0
2005-01-13,20.58,20.59,20.31,20.37,9431200.0,9431200.0,0.21,1.02,20.42333,"January 13, 05",0.0102
2005-01-14,20.38,20.56,20.38,20.49,8296400.0,8296400.0,-0.11,-0.54,20.47667,"January 14, 05",-0.0054
2005-01-18,20.36,20.63,20.3,20.63,10045800.0,10045800.0,-0.27,-1.326,20.52,"January 18, 05",-0.01326
2005-01-19,20.55,20.72,20.54,20.55,8542600.0,8542600.0,0.0,0.0,20.60333,"January 19, 05",0.0
2005-01-20,20.51,20.77,20.33,20.67,13351600.0,13351600.0,-0.16,-0.78,20.59,"January 20, 05",-0.0078
2005-01-21,20.62,20.7,20.41,20.46,13431600.0,13431600.0,0.16,0.776,20.52333,"January 21, 05",0.00776
2005-01-24,20.48,20.59,20.38,20.48,13641800.0,13641800.0,0.0,0.0,20.48333,"January 24, 05",0.0
2005-01-25,20.58,20.72,20.54,20.62,9709400.0,9709400.0,-0.04,-0.194,20.62667,"January 25, 05",-0.00194
2005-01-26,20.58,20.93,20.58,20.84,15601000.0,15601000.0,-0.26,-1.263,20.78333,"January 26, 05",-0.01263
2005-01-27,20.84,21.0,20.76,20.88,11226400.0,11226400.0,-0.04,-0.192,20.88,"January 27, 05",-0.00192
2005-01-28,20.76,20.82,20.61,20.75,13453000.0,13453000.0,0.01,0.048,20.72667,"January 28, 05",0.00048
2005-01-31,20.89,20.92,20.7,20.75,14094600.0,14094600.0,0.14,0.67,20.79,"January 31, 05",0.0067
2005-02-01,20.75,20.75,20.57,20.71,10813000.0,10813000.0,0.04,0.193,20.67667,"February 01, 05",0.00193
2005-02-02,20.73,20.97,20.68,20.96,13188200.0,13188200.0,-0.23,-1.11,20.87,"February 02, 05",-0.0111
2005-02-03,20.95,20.96,20.8,20.87,9620200.0,9620200.0,0.08,0.382,20.87667,"February 03, 05",0.00382
2005-02-04,20.81,21.25,20.78,21.24,15542400.0,15542400.0,-0.43,-2.066,21.09,"February 04, 05",-0.02066
2005-02-07,21.3,21.3,21.13,21.25,8667000.0,8667000.0,0.05,0.235,21.22667,"February 07, 05",0.00235
2005-02-08,21.33,21.44,21.22,21.33,9454600.0,9454600.0,0.0,0.0,21.33,"February 08, 05",0.0
2005-02-09,21.41,21.56,21.2,21.38,14255400.0,14255400.0,0.03,0.14,21.38,"February 09, 05",0.0014
2005-02-10,21.44,21.55,21.13,21.25,8683800.0,8683800.0,0.19,0.886,21.31,"February 10, 05",0.00886
2005-02-11,21.17,21.54,21.17,21.38,10168000.0,10168000.0,-0.21,-0.992,21.36333,"February 11, 05",-0.00992
2005-02-14,21.48,21.49,21.33,21.43,6977200.0,6977200.0,0.05,0.233,21.41667,"February 14, 05",0.00233
2005-02-15,21.47,21.47,21.11,21.33,11663400.0,11663400.0,0.14,0.652,21.30333,"February 15, 05",0.00652
2005-02-16,21.92,22.08,21.58,21.65,33930000.0,33930000.0,0.27,1.232,21.77,"February 16, 05",0.01232
2005-02-17,21.67,21.67,21.41,21.5,14434800.0,14434800.0,0.17,0.784,21.52667,"February 17, 05",0.00784
2005-02-18,21.54,21.54,21.38,21.48,11256600.0,11256600.0,0.06,0.279,21.46667,"February 18, 05",0.00279
2005-02-22,21.4,21.58,21.23,21.4,17063600.0,17063600.0,0.0,0.0,21.40333,"February 22, 05",0.0
2005-02-23,21.4,21.46,21.2,21.29,11546800.0,11546800.0,0.11,0.514,21.31667,"February 23, 05",0.00514
2005-02-24,21.32,21.41,21.21,21.33,9311000.0,9311000.0,-0.01,-0.047,21.31667,"February 24, 05",-0.00047
2005-02-25,21.35,21.53,21.18,21.51,10707200.0,10707200.0,-0.16,-0.749,21.40667,"February 25, 05",-0.00749
2005-02-28,21.43,21.57,21.34,21.4,13223200.0,13223200.0,0.03,0.14,21.43667,"February 28, 05",0.0014
2005-03-01,21.4,21.7,21.38,21.64,9999400.0,9999400.0,-0.24,-1.121,21.57333,"March 01, 05",-0.01121
2005-03-02,21.51,21.7,21.43,21.52,9719200.0,9719200.0,-0.01,-0.046,21.55,"March 02, 05",-0.00046
2005-03-03,21.59,21.72,21.53,21.59,9450000.0,9450000.0,0.0,0.0,21.61333,"March 03, 05",0.0
2005-03-04,21.72,21.89,21.63,21.82,13141400.0,13141400.0,-0.1,-0.46,21.78,"March 04, 05",-0.0046
2005-03-07,21.77,21.92,21.75,21.86,9485000.0,9485000.0,-0.09,-0.413,21.84333,"March 07, 05",-0.00413
2005-03-08,21.79,21.9,21.67,21.71,11534600.0,11534600.0,0.08,0.367,21.76,"March 08, 05",0.00367
2005-03-09,21.61,21.72,21.4,21.61,12479200.0,12479200.0,0.0,0.0,21.57667,"March 09, 05",0.0
2005-03-10,21.63,21.7,21.49,21.54,9968600.0,9968600.0,0.09,0.416,21.57667,"March 10, 05",0.00416
2005-03-11,21.45,21.46,21.15,21.24,11803400.0,11803400.0,0.21,0.979,21.28333,"March 11, 05",0.00979
2005-03-14,21.3,21.38,21.05,21.17,11332000.0,11332000.0,0.13,0.61,21.2,"March 14, 05",0.0061
2005-03-15,21.25,21.35,21.09,21.12,10415800.0,10415800.0,0.13,0.612,21.18667,"March 15, 05",0.00612
2005-03-16,21.13,21.25,20.92,20.97,14509600.0,14509600.0,0.16,0.757,21.04667,"March 16, 05",0.00757
2005-03-17,20.94,21.08,20.88,21.0,8479200.0,8479200.0,-0.06,-0.287,20.98667,"March 17, 05",-0.00287
2005-03-18,21.0,21.06,20.7,20.73,31165400.0,31165400.0,0.27,1.286,20.83,"March 18, 05",0.01286
2005-03-21,20.81,20.84,20.63,20.8,13221800.0,13221800.0,0.01,0.048,20.75667,"March 21, 05",0.00048
2005-03-22,20.82,20.93,20.64,20.7,13188600.0,13188600.0,0.12,0.576,20.75667,"March 22, 05",0.00576
2005-03-23,20.65,20.68,20.53,20.59,13798200.0,13798200.0,0.06,0.291,20.6,"March 23, 05",0.00291
2005-03-24,20.72,20.72,20.46,20.6,10321600.0,10321600.0,0.12,0.579,20.59333,"March 24, 05",0.00579
2005-03-28,20.71,20.8,20.55,20.56,11567800.0,11567800.0,0.15,0.724,20.63667,"March 28, 05",0.00724
2005-03-29,20.6,20.73,20.55,20.7,10896000.0,10896000.0,-0.1,-0.485,20.66,"March 29, 05",-0.00485
2005-03-30,20.73,21.0,20.73,20.98,13239800.0,13239800.0,-0.25,-1.206,20.90333,"March 30, 05",-0.01206
2005-03-31,20.96,20.96,20.75,20.83,9457400.0,9457400.0,0.13,0.62,20.84667,"March 31, 05",0.0062
2005-04-01,20.92,20.98,20.65,20.69,11705200.0,11705200.0,0.23,1.099,20.77333,"April 01, 05",0.01099
2005-04-04,20.8,20.8,20.63,20.74,9298200.0,9298200.0,0.06,0.288,20.72333,"April 04, 05",0.00288
2005-04-05,20.82,20.98,20.75,20.93,8743600.0,8743600.0,-0.11,-0.528,20.88667,"April 05, 05",-0.00528
2005-04-06,21.0,21.04,20.8,20.86,8363000.0,8363000.0,0.14,0.667,20.9,"April 06, 05",0.00667
2005-04-07,20.91,21.13,20.91,21.06,10670200.0,10670200.0,-0.15,-0.717,21.03333,"April 07, 05",-0.00717
2005-04-08,21.11,21.2,21.03,21.05,7767400.0,7767400.0,0.06,0.284,21.09333,"April 08, 05",0.00284
2005-04-11,21.13,21.14,20.91,20.93,9955200.0,9955200.0,0.2,0.947,20.99333,"April 11, 05",0.00947
2005-04-12,20.89,21.21,20.84,21.17,14217000.0,14217000.0,-0.28,-1.34,21.07333,"April 12, 05",-0.0134
2005-04-13,21.17,21.29,21.0,21.05,13992400.0,13992400.0,0.12,0.567,21.11333,"April 13, 05",0.00567
2005-04-14,21.1,21.24,21.01,21.04,13765800.0,13765800.0,0.06,0.284,21.09667,"April 14, 05",0.00284
2005-04-15,21.04,21.07,20.58,20.65,14048600.0,14048600.0,0.39,1.854,20.76667,"April 15, 05",0.01854
2005-04-18,20.56,20.67,20.37,20.49,15410600.0,15410600.0,0.07,0.34,20.51,"April 18, 05",0.0034
2005-04-19,21.35,21.46,21.03,21.2,25291800.0,25291800.0,0.15,0.703,21.23,"April 19, 05",0.00703
2005-04-20,21.26,21.28,20.82,20.94,16812400.0,16812400.0,0.32,1.505,21.01333,"April 20, 05",0.01505
2005-04-21,21.15,21.15,20.87,20.99,16392600.0,16392600.0,0.16,0.757,21.00333,"April 21, 05",0.00757
2005-04-22,20.98,21.28,20.95,21.07,13380200.0,13380200.0,-0.09,-0.429,21.1,"April 22, 05",-0.00429
2005-04-25,21.22,21.37,21.06,21.34,12265400.0,12265400.0,-0.12,-0.566,21.25667,"April 25, 05",-0.00566
2005-04-26,21.34,21.66,21.3,21.48,17567600.0,17567600.0,-0.14,-0.656,21.48,"April 26, 05",-0.00656
2005-04-27,21.45,21.48,21.24,21.41,10492600.0,10492600.0,0.04,0.186,21.37667,"April 27, 05",0.00186
2005-04-28,21.32,21.46,21.31,21.34,10612000.0,10612000.0,-0.02,-0.094,21.37,"April 28, 05",-0.00094
2005-04-29,21.36,21.75,21.3,21.72,16370800.0,16370800.0,-0.36,-1.685,21.59,"April 29, 05",-0.01685
2005-05-02,21.75,21.81,21.62,21.79,10587800.0,10587800.0,-0.04,-0.184,21.74,"May 02, 05",-0.00184
2005-05-03,21.79,22.01,21.76,21.88,13355600.0,13355600.0,-0.09,-0.413,21.88333,"May 03, 05",-0.00413
2005-05-04,21.99,22.12,21.84,21.97,11776000.0,11776000.0,0.02,0.091,21.97667,"May 04, 05",0.00091
2005-05-05,21.89,22.12,21.88,22.08,9011800.0,9011800.0,-0.19,-0.868,22.02667,"May 05, 05",-0.00868
2005-05-06,22.11,22.26,22.05,22.09,11362800.0,11362800.0,0.02,0.09,22.13333,"May 06, 05",0.0009
2005-05-09,22.1,22.3,22.05,22.29,9263200.0,9263200.0,-0.19,-0.86,22.21333,"May 09, 05",-0.0086
2005-05-10,22.06,22.21,22.01,22.12,8607000.0,8607000.0,-0.06,-0.272,22.11333,"May 10, 05",-0.00272
2005-05-11,22.07,22.16,21.9,22.14,9109200.0,9109200.0,-0.07,-0.317,22.06667,"May 11, 05",-0.00317
2005-05-12,22.08,22.38,21.88,22.08,7955200.0,7955200.0,0.0,0.0,22.11333,"May 12, 05",0.0
2005-05-13,22.24,22.24,21.93,22.06,9995000.0,9995000.0,0.18,0.809,22.07667,"May 13, 05",0.00809
2005-05-16,22.11,22.18,22.04,22.13,5694200.0,5694200.0,-0.02,-0.09,22.11667,"May 16, 05",-0.0009
2005-05-17,22.01,22.24,21.87,22.2,8947200.0,8947200.0,-0.19,-0.863,22.10333,"May 17, 05",-0.00863
2005-05-18,22.22,22.47,22.17,22.46,12734800.0,12734800.0,-0.24,-1.08,22.36667,"May 18, 05",-0.0108
2005-05-19,22.47,22.63,22.44,22.63,12546400.0,12546400.0,-0.16,-0.712,22.56667,"May 19, 05",-0.00712
2005-05-20,22.6,22.6,22.38,22.53,12042800.0,12042800.0,0.07,0.31,22.50333,"May 20, 05",0.0031
2005-05-23,22.49,22.58,22.42,22.49,10954600.0,10954600.0,0.0,0.0,22.49667,"May 23, 05",0.0
2005-05-24,22.39,22.57,22.38,22.51,7739800.0,7739800.0,-0.12,-0.536,22.48667,"May 24, 05",-0.00536
2005-05-25,22.43,22.6,22.42,22.45,7436800.0,7436800.0,-0.02,-0.089,22.49,"May 25, 05",-0.00089
2005-05-26,22.47,22.53,22.42,22.45,6121200.0,6121200.0,0.02,0.089,22.46667,"May 26, 05",0.00089
2005-05-27,22.45,22.52,22.38,22.47,6379200.0,6379200.0,-0.02,-0.089,22.45667,"May 27, 05",-0.00089
2005-05-31,22.39,22.4,22.18,22.32,12964600.0,12964600.0,0.07,0.313,22.3,"May 31, 05",0.00313
2005-06-01,22.27,22.47,22.22,22.3,9291200.0,9291200.0,-0.03,-0.135,22.33,"June 01, 05",-0.00135
2005-06-02,22.23,22.42,22.15,22.39,11104000.0,11104000.0,-0.16,-0.72,22.32,"June 02, 05",-0.0072
2005-06-03,22.31,22.33,21.92,22.12,9711200.0,9711200.0,0.19,0.852,22.12333,"June 03, 05",0.00852
2005-06-06,22.0,22.08,21.9,21.99,8067200.0,8067200.0,0.01,0.045,21.99,"June 06, 05",0.00045
2005-06-07,22.01,22.24,21.99,22.06,7902600.0,7902600.0,-0.05,-0.227,22.09667,"June 07, 05",-0.00227
2005-06-08,22.07,22.11,21.88,21.95,8908600.0,8908600.0,0.12,0.544,21.98,"June 08, 05",0.00544
2005-06-09,21.85,21.96,21.73,21.83,10212600.0,10212600.0,0.02,0.092,21.84,"June 09, 05",0.00092
2005-06-10,21.87,21.98,21.78,21.98,9273400.0,9273400.0,-0.11,-0.503,21.91333,"June 10, 05",-0.00503
2005-06-13,21.8,21.98,21.74,21.8,8915400.0,8915400.0,0.0,0.0,21.84,"June 13, 05",0.0
2005-06-14,21.8,22.0,21.8,21.87,9641600.0,9641600.0,-0.07,-0.321,21.89,"June 14, 05",-0.00321
2005-06-15,21.92,21.92,21.7,21.82,9612200.0,9612200.0,0.1,0.456,21.81333,"June 15, 05",0.00456
2005-06-16,21.85,21.97,21.71,21.89,7681600.0,7681600.0,-0.04,-0.183,21.85667,"June 16, 05",-0.00183
2005-06-17,22.08,22.1,21.89,22.03,14473400.0,14473400.0,0.05,0.226,22.00667,"June 17, 05",0.00226
2005-06-20,21.9,22.03,21.88,21.96,5860800.0,5860800.0,-0.06,-0.274,21.95667,"June 20, 05",-0.00274
2005-06-21,21.9,21.98,21.78,21.84,7781000.0,7781000.0,0.06,0.274,21.86667,"June 21, 05",0.00274
2005-06-22,21.84,21.91,21.63,21.72,10469000.0,10469000.0,0.12,0.549,21.75333,"June 22, 05",0.00549
2005-06-23,21.67,21.75,21.5,21.54,9401400.0,9401400.0,0.13,0.6,21.59667,"June 23, 05",0.006
2005-06-24,21.47,21.5,21.07,21.1,15487000.0,15487000.0,0.37,1.723,21.22333,"June 24, 05",0.01723
2005-06-27,21.13,21.24,21.04,21.17,9165200.0,9165200.0,-0.04,-0.189,21.15,"June 27, 05",-0.00189
2005-06-28,21.34,21.5,21.24,21.43,10173800.0,10173800.0,-0.09,-0.422,21.39,"June 28, 05",-0.00422
2005-06-29,21.43,21.45,21.31,21.35,7701000.0,7701000.0,0.08,0.373,21.37,"June 29, 05",0.00373
2005-06-30,21.28,21.32,20.83,20.88,20526600.0,20526600.0,0.4,1.88,21.01,"June 30, 05",0.0188
2005-07-01,20.98,21.25,20.92,21.11,15284600.0,15284600.0,-0.13,-0.62,21.09333,"July 01, 05",-0.0062
2005-07-05,21.23,21.32,21.1,21.2,11501200.0,11501200.0,0.03,0.141,21.20667,"July 05, 05",0.00141
2005-07-06,21.12,21.16,20.96,20.98,10375800.0,10375800.0,0.14,0.663,21.03333,"July 06, 05",0.00663
2005-07-07,20.77,21.03,20.7,20.88,12983600.0,12983600.0,-0.11,-0.53,20.87,"July 07, 05",-0.0053
2005-07-08,20.98,21.42,20.88,21.37,12800400.0,12800400.0,-0.39,-1.859,21.22333,"July 08, 05",-0.01859
2005-07-11,21.35,21.5,21.27,21.39,10255400.0,10255400.0,-0.04,-0.187,21.38667,"July 11, 05",-0.00187
2005-07-12,21.47,21.57,21.27,21.41,12893000.0,12893000.0,0.06,0.279,21.41667,"July 12, 05",0.00279
2005-07-13,21.33,21.49,21.32,21.47,7104800.0,7104800.0,-0.14,-0.656,21.42667,"July 13, 05",-0.00656
2005-07-14,21.5,21.67,21.48,21.59,12267200.0,12267200.0,-0.09,-0.419,21.58,"July 14, 05",-0.00419
2005-07-15,21.51,21.58,21.37,21.54,9868200.0,9868200.0,-0.03,-0.139,21.49667,"July 15, 05",-0.00139
2005-07-18,21.54,21.7,21.46,21.47,7096600.0,7096600.0,0.07,0.325,21.54333,"July 18, 05",0.00325
2005-07-19,21.61,21.71,21.46,21.67,10527000.0,10527000.0,-0.06,-0.278,21.61333,"July 19, 05",-0.00278
2005-07-20,21.67,21.78,21.48,21.67,12966800.0,12966800.0,0.0,0.0,21.64333,"July 20, 05",0.0
2005-07-21,22.17,22.29,21.76,21.98,26064600.0,26064600.0,0.19,0.857,22.01,"July 21, 05",0.00857
2005-07-22,21.85,22.08,21.58,22.01,14347600.0,14347600.0,-0.16,-0.732,21.89,"July 22, 05",-0.00732
2005-07-25,22.04,22.09,21.72,21.83,10391800.0,10391800.0,0.21,0.953,21.88,"July 25, 05",0.00953
2005-07-26,21.83,22.04,21.79,21.84,11479600.0,11479600.0,-0.01,-0.046,21.89,"July 26, 05",-0.00046
2005-07-27,21.95,22.09,21.84,22.0,11134200.0,11134200.0,-0.05,-0.228,21.97667,"July 27, 05",-0.00228
2005-07-28,22.12,22.31,22.0,22.2,12293000.0,12293000.0,-0.08,-0.362,22.17,"July 28, 05",-0.00362
2005-07-29,22.15,22.21,21.88,21.88,9949400.0,9949400.0,0.27,1.219,21.99,"July 29, 05",0.01219
2005-08-01,22.0,22.04,21.83,21.93,10047400.0,10047400.0,0.07,0.318,21.93333,"August 01, 05",0.00318
2005-08-02,21.92,22.17,21.92,22.14,8803400.0,8803400.0,-0.22,-1.004,22.07667,"August 02, 05",-0.01004
2005-08-03,22.0,22.35,21.93,22.33,12820200.0,12820200.0,-0.33,-1.5,22.20333,"August 03, 05",-0.015
2005-08-04,22.2,22.28,22.05,22.18,9906400.0,9906400.0,0.02,0.09,22.17,"August 04, 05",0.0009
2005-08-05,22.05,22.1,21.8,22.03,8597800.0,8597800.0,0.02,0.091,21.97667,"August 05, 05",0.00091
2005-08-08,22.03,22.03,21.73,21.83,7319400.0,7319400.0,0.2,0.908,21.86333,"August 08, 05",0.00908
2005-08-09,21.93,22.07,21.88,22.05,8243200.0,8243200.0,-0.12,-0.547,22.0,"August 09, 05",-0.00547
2005-08-10,22.13,22.22,21.92,21.95,8072000.0,8072000.0,0.18,0.813,22.03,"August 10, 05",0.00813
2005-08-11,21.85,22.07,21.81,22.06,8301200.0,8301200.0,-0.21,-0.961,21.98,"August 11, 05",-0.00961
2005-08-12,21.93,22.05,21.7,21.79,8020000.0,8020000.0,0.14,0.638,21.84667,"August 12, 05",0.00638
2005-08-15,21.75,21.86,21.72,21.77,5786800.0,5786800.0,-0.02,-0.092,21.78333,"August 15, 05",-0.00092
2005-08-16,21.8,21.82,21.59,21.65,8983000.0,8983000.0,0.15,0.688,21.68667,"August 16, 05",0.00688
2005-08-17,21.58,21.71,21.56,21.66,11194000.0,11194000.0,-0.08,-0.371,21.64333,"August 17, 05",-0.00371
2005-08-18,21.68,21.84,21.61,21.76,13145600.0,13145600.0,-0.08,-0.369,21.73667,"August 18, 05",-0.00369
2005-08-19,22.17,22.36,22.13,22.2,23074000.0,23074000.0,-0.03,-0.135,22.23,"August 19, 05",-0.00135
2005-08-22,22.28,22.38,21.98,22.14,12600200.0,12600200.0,0.14,0.628,22.16667,"August 22, 05",0.00628
2005-08-23,22.15,22.17,21.98,22.09,8960200.0,8960200.0,0.06,0.271,22.08,"August 23, 05",0.00271
2005-08-24,22.12,22.21,21.88,21.92,10785200.0,10785200.0,0.2,0.904,22.00333,"August 24, 05",0.00904
2005-08-25,21.86,21.97,21.75,21.91,7725800.0,7725800.0,-0.05,-0.229,21.87667,"August 25, 05",-0.00229
2005-08-26,21.82,21.96,21.78,21.79,10020600.0,10020600.0,0.03,0.137,21.84333,"August 26, 05",0.00137
2005-08-29,21.68,22.05,21.67,22.0,6421200.0,6421200.0,-0.32,-1.476,21.90667,"August 29, 05",-0.01476
2005-08-30,21.9,21.96,21.6,21.7,13138600.0,13138600.0,0.2,0.913,21.75333,"August 30, 05",0.00913
2005-08-31,21.68,22.03,21.56,22.0,15536400.0,15536400.0,-0.32,-1.476,21.86333,"August 31, 05",-0.01476
2005-09-01,21.91,22.16,21.81,21.94,9958400.0,9958400.0,-0.03,-0.137,21.97,"September 01, 05",-0.00137
2005-09-02,22.04,22.08,21.85,21.95,8507600.0,8507600.0,0.09,0.408,21.96,"September 02, 05",0.00408
2005-09-06,22.17,22.34,22.17,22.26,10253200.0,10253200.0,-0.09,-0.406,22.25667,"September 06, 05",-0.00406
2005-09-07,22.3,22.36,22.13,22.33,12324400.0,12324400.0,-0.03,-0.135,22.27333,"September 07, 05",-0.00135
2005-09-08,21.85,22.15,21.84,22.14,17879000.0,17879000.0,-0.29,-1.327,22.04333,"September 08, 05",-0.01327
2005-09-09,22.14,22.17,21.96,22.03,15940800.0,15940800.0,0.11,0.497,22.05333,"September 09, 05",0.00497
2005-09-12,21.95,22.2,21.95,22.13,9145200.0,9145200.0,-0.18,-0.82,22.09333,"September 12, 05",-0.0082
2005-09-13,21.79,21.93,21.78,21.83,12303000.0,12303000.0,-0.04,-0.184,21.84667,"September 13, 05",-0.00184
2005-09-14,21.81,21.92,21.7,21.76,10005200.0,10005200.0,0.05,0.229,21.79333,"September 14, 05",0.00229
2005-09-15,21.8,21.86,21.67,21.82,10943200.0,10943200.0,-0.02,-0.092,21.78333,"September 15, 05",-0.00092
2005-09-16,21.85,21.92,21.62,21.7,39747600.0,39747600.0,0.15,0.686,21.74667,"September 16, 05",0.00686
2005-09-19,21.67,21.78,21.58,21.68,11264800.0,11264800.0,-0.01,-0.046,21.68,"September 19, 05",-0.00046
2005-09-20,21.65,21.68,21.44,21.45,14977600.0,14977600.0,0.2,0.924,21.52333,"September 20, 05",0.00924
2005-09-21,21.25,21.3,21.08,21.13,14035400.0,14035400.0,0.12,0.565,21.17,"September 21, 05",0.00565
2005-09-22,21.06,21.13,20.92,21.11,12395200.0,12395200.0,-0.05,-0.237,21.05333,"September 22, 05",-0.00237
2005-09-23,21.13,21.31,21.12,21.17,10658200.0,10658200.0,-0.04,-0.189,21.2,"September 23, 05",-0.00189
2005-09-26,21.28,21.37,21.0,21.18,15488400.0,15488400.0,0.1,0.47,21.18333,"September 26, 05",0.0047
2005-09-27,21.15,21.41,21.15,21.17,10018800.0,10018800.0,-0.02,-0.095,21.24333,"September 27, 05",-0.00095
2005-09-28,21.29,21.5,21.17,21.43,11590600.0,11590600.0,-0.14,-0.658,21.36667,"September 28, 05",-0.00658
2005-09-29,21.47,21.56,21.28,21.55,15022800.0,15022800.0,-0.08,-0.373,21.46333,"September 29, 05",-0.00373
2005-09-30,21.59,21.7,21.48,21.59,9953400.0,9953400.0,0.0,0.0,21.59,"September 30, 05",0.0
2005-10-03,21.61,21.73,21.56,21.61,13063800.0,13063800.0,0.0,0.0,21.63333,"October 03, 05",0.0
2005-10-04,21.68,21.8,21.5,21.52,9836800.0,9836800.0,0.16,0.738,21.60667,"October 04, 05",0.00738
2005-10-05,21.48,21.59,21.31,21.31,10305600.0,10305600.0,0.17,0.791,21.40333,"October 05, 05",0.00791
2005-10-06,21.33,21.44,21.22,21.36,13721400.0,13721400.0,-0.03,-0.141,21.34,"October 06, 05",-0.00141
2005-10-07,21.32,21.33,21.02,21.1,14741800.0,14741800.0,0.22,1.032,21.15,"October 07, 05",0.01032
2005-10-10,21.07,21.15,20.93,20.99,12022200.0,12022200.0,0.08,0.38,21.02333,"October 10, 05",0.0038
2005-10-11,20.92,21.0,20.79,20.83,11594800.0,11594800.0,0.09,0.43,20.87333,"October 11, 05",0.0043
2005-10-12,20.76,21.0,20.75,20.86,17748200.0,17748200.0,-0.1,-0.482,20.87,"October 12, 05",-0.00482
2005-10-13,20.75,20.96,20.75,20.86,9680400.0,9680400.0,-0.11,-0.53,20.85667,"October 13, 05",-0.0053
2005-10-14,20.86,21.11,20.78,21.04,10720800.0,10720800.0,-0.18,-0.863,20.97667,"October 14, 05",-0.00863
2005-10-17,20.98,21.17,20.96,21.05,9956200.0,9956200.0,-0.07,-0.334,21.06,"October 17, 05",-0.00334
2005-10-18,21.0,21.11,20.88,20.88,11762000.0,11762000.0,0.12,0.571,20.95667,"October 18, 05",0.00571
2005-10-19,20.89,20.95,20.64,20.9,14578800.0,14578800.0,-0.01,-0.048,20.83,"October 19, 05",-0.00048
2005-10-20,21.45,21.47,21.04,21.05,21683000.0,21683000.0,0.4,1.865,21.18667,"October 20, 05",0.01865
2005-10-21,21.2,21.32,20.91,20.97,13578600.0,13578600.0,0.23,1.085,21.06667,"October 21, 05",0.01085
2005-10-24,21.09,21.25,21.03,21.2,11878600.0,11878600.0,-0.11,-0.522,21.16,"October 24, 05",-0.00522
2005-10-25,21.13,21.3,21.03,21.23,11748200.0,11748200.0,-0.1,-0.473,21.18667,"October 25, 05",-0.00473
2005-10-26,21.24,21.42,21.16,21.17,10462600.0,10462600.0,0.07,0.33,21.25,"October 26, 05",0.0033
2005-10-27,21.17,21.25,21.06,21.08,8195200.0,8195200.0,0.09,0.425,21.13,"October 27, 05",0.00425
2005-10-28,21.2,21.49,21.17,21.42,12878000.0,12878000.0,-0.22,-1.038,21.36,"October 28, 05",-0.01038
2005-10-31,21.3,21.49,21.2,21.39,19920400.0,19920400.0,-0.09,-0.423,21.36,"October 31, 05",-0.00423
2005-11-01,21.31,21.41,21.24,21.33,11631400.0,11631400.0,-0.02,-0.094,21.32667,"November 01, 05",-0.00094
2005-11-02,21.29,21.32,21.2,21.28,12415400.0,12415400.0,0.01,0.047,21.26667,"November 02, 05",0.00047
2005-11-03,21.32,21.4,21.25,21.29,9076400.0,9076400.0,0.03,0.141,21.31333,"November 03, 05",0.00141
2005-11-04,21.33,21.35,21.01,21.15,11434800.0,11434800.0,0.18,0.844,21.17,"November 04, 05",0.00844
2005-11-07,21.17,21.24,21.06,21.21,10704000.0,10704000.0,-0.04,-0.189,21.17,"November 07, 05",-0.00189
2005-11-08,21.21,21.27,21.0,21.07,9146200.0,9146200.0,0.14,0.66,21.11333,"November 08, 05",0.0066
2005-11-09,21.08,21.21,21.01,21.09,9225400.0,9225400.0,-0.01,-0.047,21.10333,"November 09, 05",-0.00047
2005-11-10,21.19,21.33,21.12,21.26,9571800.0,9571800.0,-0.07,-0.33,21.23667,"November 10, 05",-0.0033
2005-11-11,21.23,21.38,21.12,21.38,8627000.0,8627000.0,-0.15,-0.707,21.29333,"November 11, 05",-0.00707
2005-11-14,21.36,21.4,21.24,21.29,6991200.0,6991200.0,0.07,0.328,21.31,"November 14, 05",0.00328
2005-11-15,21.24,21.33,21.13,21.23,8944200.0,8944200.0,0.01,0.047,21.23,"November 15, 05",0.00047
2005-11-16,21.22,21.25,21.06,21.07,10351400.0,10351400.0,0.15,0.707,21.12667,"November 16, 05",0.00707
2005-11-17,21.09,21.16,20.93,20.93,14969200.0,14969200.0,0.16,0.759,21.00667,"November 17, 05",0.00759
2005-11-18,21.24,21.24,20.95,21.1,17160400.0,17160400.0,0.14,0.659,21.09667,"November 18, 05",0.00659
2005-11-21,21.16,21.16,21.02,21.08,13533000.0,13533000.0,0.08,0.378,21.08667,"November 21, 05",0.00378
2005-11-22,21.08,21.22,21.04,21.17,13147600.0,13147600.0,-0.09,-0.427,21.14333,"November 22, 05",-0.00427
2005-11-23,21.23,21.41,21.18,21.33,9917600.0,9917600.0,-0.1,-0.471,21.30667,"November 23, 05",-0.00471
2005-11-25,21.42,21.46,21.37,21.4,3958400.0,3958400.0,0.02,0.093,21.41,"November 25, 05",0.00093
2005-11-28,21.48,21.64,21.38,21.39,15625800.0,15625800.0,0.09,0.419,21.47,"November 28, 05",0.00419
2005-11-29,21.42,21.63,21.4,21.53,14827800.0,14827800.0,-0.11,-0.514,21.52,"November 29, 05",-0.00514
2005-11-30,21.51,21.59,21.33,21.34,13232000.0,13232000.0,0.17,0.79,21.42,"November 30, 05",0.0079
2005-12-01,21.35,21.46,21.35,21.42,10905200.0,10905200.0,-0.07,-0.328,21.41,"December 01, 05",-0.00328
2005-12-02,21.32,21.47,21.31,21.41,8286800.0,8286800.0,-0.09,-0.422,21.39667,"December 02, 05",-0.00422
2005-12-05,21.36,21.51,21.3,21.33,9906000.0,9906000.0,0.03,0.14,21.38,"December 05, 05",0.0014
2005-12-06,21.32,21.37,21.17,21.27,16146600.0,16146600.0,0.05,0.235,21.27,"December 06, 05",0.00235
2005-12-07,21.21,21.34,20.99,21.1,12944600.0,12944600.0,0.11,0.519,21.14333,"December 07, 05",0.00519
2005-12-08,21.05,21.07,20.86,20.94,13954400.0,13954400.0,0.11,0.523,20.95667,"December 08, 05",0.00523
2005-12-09,20.92,21.0,20.63,20.75,18714200.0,18714200.0,0.17,0.813,20.79333,"December 09, 05",0.00813
2005-12-12,20.72,20.86,20.55,20.58,19171400.0,19171400.0,0.14,0.676,20.66333,"December 12, 05",0.00676
2005-12-13,20.61,20.62,20.39,20.48,20553000.0,20553000.0,0.13,0.631,20.49667,"December 13, 05",0.00631
2005-12-14,20.56,20.7,20.49,20.55,13085800.0,13085800.0,0.01,0.049,20.58,"December 14, 05",0.00049
2005-12-15,20.5,20.62,20.42,20.58,13107800.0,13107800.0,-0.08,-0.39,20.54,"December 15, 05",-0.0039
2005-12-16,20.67,20.75,20.58,20.61,16554200.0,16554200.0,0.06,0.29,20.64667,"December 16, 05",0.0029
2005-12-19,20.56,20.88,20.56,20.71,14156200.0,14156200.0,-0.15,-0.73,20.71667,"December 19, 05",-0.0073
2005-12-20,20.75,20.78,20.57,20.61,11937600.0,11937600.0,0.14,0.675,20.65333,"December 20, 05",0.00675
2005-12-21,20.58,20.72,20.54,20.61,9821400.0,9821400.0,-0.03,-0.146,20.62333,"December 21, 05",-0.00146
2005-12-22,20.62,20.65,20.5,20.64,11072200.0,11072200.0,-0.02,-0.097,20.59667,"December 22, 05",-0.00097
2005-12-23,20.61,20.64,20.56,20.58,5063200.0,5063200.0,0.03,0.146,20.59333,"December 23, 05",0.00146
2005-12-27,20.55,20.67,20.32,20.49,14248000.0,14248000.0,0.06,0.292,20.49333,"December 27, 05",0.00292
2005-12-28,20.49,20.58,20.37,20.39,9763000.0,9763000.0,0.1,0.488,20.44667,"December 28, 05",0.00488
2005-12-29,20.33,20.45,20.21,20.3,11163400.0,11163400.0,0.03,0.148,20.32,"December 29, 05",0.00148
2005-12-30,20.19,20.33,20.16,20.16,11743200.0,11743200.0,0.03,0.149,20.21667,"December 30, 05",0.00149
2006-01-03,20.4,20.5,20.17,20.45,13640800.0,13640800.0,-0.05,-0.245,20.37333,"January 03, 06",-0.00245
2006-01-04,20.5,20.54,20.33,20.41,19993200.0,19993200.0,0.09,0.439,20.42667,"January 04, 06",0.00439
2006-01-05,20.36,20.57,20.29,20.51,16613000.0,16613000.0,-0.15,-0.737,20.45667,"January 05, 06",-0.00737
2006-01-06,20.53,20.78,20.43,20.71,17122800.0,17122800.0,-0.18,-0.877,20.64,"January 06, 06",-0.00877
2006-01-09,20.75,20.83,20.63,20.81,13819600.0,13819600.0,-0.06,-0.289,20.75667,"January 09, 06",-0.00289
2006-01-10,20.59,20.87,20.59,20.83,13849800.0,13849800.0,-0.24,-1.166,20.76333,"January 10, 06",-0.01166
2006-01-11,20.83,20.91,20.74,20.83,10574400.0,10574400.0,0.0,0.0,20.82667,"January 11, 06",0.0
2006-01-12,20.64,20.82,20.64,20.72,17086000.0,17086000.0,-0.08,-0.388,20.72667,"January 12, 06",-0.00388
2006-01-13,20.69,20.78,20.53,20.66,10548400.0,10548400.0,0.03,0.145,20.65667,"January 13, 06",0.00145
2006-01-17,20.54,20.64,20.45,20.51,11574000.0,11574000.0,0.03,0.146,20.53333,"January 17, 06",0.00146
2006-01-18,20.5,20.5,20.3,20.41,12906200.0,12906200.0,0.09,0.439,20.40333,"January 18, 06",0.00439
2006-01-19,20.47,20.57,20.3,20.47,10907600.0,10907600.0,0.0,0.0,20.44667,"January 19, 06",0.0
2006-01-20,20.42,20.43,19.68,20.05,18971600.0,18971600.0,0.37,1.812,20.05333,"January 20, 06",0.01812
2006-01-23,20.0,20.33,20.0,20.25,13222200.0,13222200.0,-0.25,-1.25,20.19333,"January 23, 06",-0.0125
2006-01-24,20.6,20.65,20.35,20.45,15888400.0,15888400.0,0.15,0.728,20.48333,"January 24, 06",0.00728
2006-01-25,20.57,20.59,20.45,20.57,13699000.0,13699000.0,0.0,0.0,20.53667,"January 25, 06",0.0
2006-01-26,20.64,20.79,20.58,20.74,14573200.0,14573200.0,-0.1,-0.484,20.70333,"January 26, 06",-0.00484
2006-01-27,20.74,21.0,20.61,20.99,13646400.0,13646400.0,-0.25,-1.205,20.86667,"January 27, 06",-0.01205
2006-01-30,20.92,20.98,20.77,20.88,12143400.0,12143400.0,0.04,0.191,20.87667,"January 30, 06",0.00191
2006-01-31,20.87,20.87,20.61,20.69,13115000.0,13115000.0,0.18,0.862,20.72333,"January 31, 06",0.00862
2006-02-01,20.59,20.77,20.51,20.75,12966600.0,12966600.0,-0.16,-0.777,20.67667,"February 01, 06",-0.00777
2006-02-02,20.66,20.75,20.49,20.62,12468400.0,12468400.0,0.04,0.194,20.62,"February 02, 06",0.00194
2006-02-03,20.51,20.62,20.26,20.44,12538000.0,12538000.0,0.07,0.341,20.44,"February 03, 06",0.00341
2006-02-06,20.42,20.5,20.32,20.47,13500600.0,13500600.0,-0.05,-0.245,20.43,"February 06, 06",-0.00245
2006-02-07,20.7,20.74,20.31,20.51,20573000.0,20573000.0,0.19,0.918,20.52,"February 07, 06",0.00918
2006-02-08,20.63,20.65,20.33,20.62,18185800.0,18185800.0,0.01,0.048,20.53333,"February 08, 06",0.00048
2006-02-09,20.56,20.71,20.45,20.5,15045200.0,15045200.0,0.06,0.292,20.55333,"February 09, 06",0.00292
2006-02-10,20.46,20.71,20.36,20.58,12782000.0,12782000.0,-0.12,-0.587,20.55,"February 10, 06",-0.00587
2006-02-13,20.69,20.69,20.32,20.37,11791600.0,11791600.0,0.32,1.547,20.46,"February 13, 06",0.01547
2006-02-14,20.5,20.72,20.47,20.67,14048800.0,14048800.0,-0.17,-0.829,20.62,"February 14, 06",-0.00829
2006-02-15,20.7,20.72,20.56,20.67,13561600.0,13561600.0,0.03,0.145,20.65,"February 15, 06",0.00145
2006-02-16,20.64,20.81,20.58,20.8,14381400.0,14381400.0,-0.16,-0.775,20.73,"February 16, 06",-0.00775
2006-02-17,20.82,20.95,20.62,20.9,14525200.0,14525200.0,-0.08,-0.384,20.82333,"February 17, 06",-0.00384
2006-02-21,20.9,21.02,20.8,20.92,20793200.0,20793200.0,-0.02,-0.096,20.91333,"February 21, 06",-0.00096
2006-02-22,21.03,21.08,20.96,21.04,11821200.0,11821200.0,-0.01,-0.048,21.02667,"February 22, 06",-0.00048
2006-02-23,21.09,21.16,20.97,21.01,9523400.0,9523400.0,0.08,0.379,21.04667,"February 23, 06",0.00379
2006-02-24,21.0,21.17,20.92,21.12,10691400.0,10691400.0,-0.12,-0.571,21.07,"February 24, 06",-0.00571
2006-02-27,21.14,21.26,21.09,21.26,13199800.0,13199800.0,-0.12,-0.568,21.20333,"February 27, 06",-0.00568
2006-02-28,21.26,21.29,20.96,20.99,16189400.0,16189400.0,0.27,1.27,21.08,"February 28, 06",0.0127
2006-03-01,20.95,21.19,20.92,21.16,11036800.0,11036800.0,-0.21,-1.002,21.09,"March 01, 06",-0.01002
2006-03-02,21.04,21.08,20.85,20.96,11537800.0,11537800.0,0.08,0.38,20.96333,"March 02, 06",0.0038
2006-03-03,20.82,21.03,20.79,20.9,10586800.0,10586800.0,-0.08,-0.384,20.90667,"March 03, 06",-0.00384
2006-03-06,20.89,21.09,20.85,20.98,10945800.0,10945800.0,-0.09,-0.431,20.97333,"March 06, 06",-0.00431
2006-03-07,20.98,21.02,20.85,20.9,11242600.0,11242600.0,0.08,0.381,20.92333,"March 07, 06",0.00381
2006-03-08,20.86,21.25,20.85,21.12,13843000.0,13843000.0,-0.26,-1.246,21.07333,"March 08, 06",-0.01246
2006-03-09,21.06,21.3,21.06,21.2,13296600.0,13296600.0,-0.14,-0.665,21.18667,"March 09, 06",-0.00665
2006-03-10,21.31,21.47,21.26,21.39,15399000.0,15399000.0,-0.08,-0.375,21.37333,"March 10, 06",-0.00375
2006-03-13,21.3,21.4,21.21,21.25,13502200.0,13502200.0,0.05,0.235,21.28667,"March 13, 06",0.00235
2006-03-14,21.24,21.43,21.22,21.4,11377200.0,11377200.0,-0.16,-0.753,21.35,"March 14, 06",-0.00753
2006-03-15,21.34,21.41,21.28,21.37,12805400.0,12805400.0,-0.03,-0.141,21.35333,"March 15, 06",-0.00141
2006-03-16,21.36,21.38,21.25,21.34,14209000.0,14209000.0,0.02,0.094,21.32333,"March 16, 06",0.00094
2006-03-17,21.34,21.42,21.29,21.4,16508800.0,16508800.0,-0.06,-0.281,21.37,"March 17, 06",-0.00281
2006-03-20,21.41,21.5,21.34,21.45,11851600.0,11851600.0,-0.04,-0.187,21.43,"March 20, 06",-0.00187
2006-03-21,21.4,21.43,21.25,21.38,14625800.0,14625800.0,0.02,0.093,21.35333,"March 21, 06",0.00093
2006-03-22,21.41,21.48,21.34,21.39,16481600.0,16481600.0,0.02,0.093,21.40333,"March 22, 06",0.00093
2006-03-23,21.38,21.42,21.1,21.21,12053200.0,12053200.0,0.17,0.795,21.24333,"March 23, 06",0.00795
2006-03-24,21.17,21.38,21.17,21.33,9723600.0,9723600.0,-0.16,-0.756,21.29333,"March 24, 06",-0.00756
2006-03-27,21.28,21.33,21.17,21.2,9339200.0,9339200.0,0.08,0.376,21.23333,"March 27, 06",0.00376
2006-03-28,21.16,21.25,21.06,21.08,10910400.0,10910400.0,0.08,0.378,21.13,"March 28, 06",0.00378
2006-03-29,21.05,21.17,21.01,21.08,8702000.0,8702000.0,-0.03,-0.143,21.08667,"March 29, 06",-0.00143
2006-03-30,20.99,21.13,20.95,21.06,13586200.0,13586200.0,-0.07,-0.333,21.04667,"March 30, 06",-0.00333
2006-03-31,21.06,21.09,20.91,20.93,14535800.0,14535800.0,0.13,0.617,20.97667,"March 31, 06",0.00617
2006-04-03,21.05,21.12,20.9,20.93,11291600.0,11291600.0,0.12,0.57,20.98333,"April 03, 06",0.0057
2006-04-04,20.91,21.07,20.84,21.04,9257600.0,9257600.0,-0.13,-0.622,20.98333,"April 04, 06",-0.00622
2006-04-05,21.03,21.04,20.88,20.98,13148800.0,13148800.0,0.05,0.238,20.96667,"April 05, 06",0.00238
2006-04-06,21.0,21.0,20.79,20.84,10988400.0,10988400.0,0.16,0.762,20.87667,"April 06, 06",0.00762
2006-04-07,20.9,20.94,20.66,20.67,11893400.0,11893400.0,0.23,1.1,20.75667,"April 07, 06",0.011
2006-04-10,20.67,20.75,20.61,20.74,7726200.0,7726200.0,-0.07,-0.339,20.7,"April 10, 06",-0.00339
2006-04-11,21.0,21.0,20.54,20.65,11085200.0,11085200.0,0.35,1.667,20.73,"April 11, 06",0.01667
2006-04-12,20.63,20.67,20.45,20.58,10010000.0,10010000.0,0.05,0.242,20.56667,"April 12, 06",0.00242
2006-04-13,20.58,20.72,20.54,20.63,9029000.0,9029000.0,-0.05,-0.243,20.63,"April 13, 06",-0.00243
2006-04-17,20.65,20.7,20.43,20.52,9270800.0,9270800.0,0.13,0.63,20.55,"April 17, 06",0.0063
2006-04-18,20.53,20.75,20.53,20.65,11528400.0,11528400.0,-0.12,-0.585,20.64333,"April 18, 06",-0.00585
2006-04-19,20.74,21.06,20.7,20.84,16677600.0,16677600.0,-0.1,-0.482,20.86667,"April 19, 06",-0.00482
2006-04-20,20.87,21.12,20.78,20.91,12246600.0,12246600.0,-0.04,-0.192,20.93667,"April 20, 06",-0.00192
2006-04-21,21.0,21.01,20.84,20.92,13110600.0,13110600.0,0.08,0.381,20.92333,"April 21, 06",0.00381
2006-04-24,20.88,20.95,20.76,20.78,12466400.0,12466400.0,0.1,0.479,20.83,"April 24, 06",0.00479
2006-04-25,20.78,20.81,20.63,20.67,12600800.0,12600800.0,0.11,0.529,20.70333,"April 25, 06",0.00529
2006-04-26,20.67,20.89,20.67,20.86,12248600.0,12248600.0,-0.19,-0.919,20.80667,"April 26, 06",-0.00919
2006-04-27,20.82,21.07,20.81,21.03,13146400.0,13146400.0,-0.21,-1.009,20.97,"April 27, 06",-0.01009
2006-04-28,21.0,21.05,20.92,20.98,11529400.0,11529400.0,0.02,0.095,20.98333,"April 28, 06",0.00095
2006-05-01,21.05,21.09,20.96,20.99,13265600.0,13265600.0,0.06,0.285,21.01333,"May 01, 06",0.00285
2006-05-02,21.05,21.15,21.0,21.12,10551400.0,10551400.0,-0.07,-0.333,21.09,"May 02, 06",-0.00333
2006-05-03,21.08,21.12,20.92,20.96,14313200.0,14313200.0,0.12,0.569,21.0,"May 03, 06",0.00569
2006-05-04,20.98,21.07,20.9,21.04,13301800.0,13301800.0,-0.06,-0.286,21.00333,"May 04, 06",-0.00286
2006-05-05,21.14,21.45,21.02,21.36,18958000.0,18958000.0,-0.22,-1.041,21.27667,"May 05, 06",-0.01041
2006-05-08,21.42,21.87,21.41,21.68,27358400.0,27358400.0,-0.26,-1.214,21.65333,"May 08, 06",-0.01214
2006-05-09,21.59,21.83,21.59,21.83,13929600.0,13929600.0,-0.24,-1.112,21.75,"May 09, 06",-0.01112
2006-05-10,21.83,21.88,21.74,21.79,14902400.0,14902400.0,0.04,0.183,21.80333,"May 10, 06",0.00183
2006-05-11,21.77,21.8,21.64,21.69,16969400.0,16969400.0,0.08,0.367,21.71,"May 11, 06",0.00367
2006-05-12,21.64,21.7,21.56,21.59,14767800.0,14767800.0,0.05,0.231,21.61667,"May 12, 06",0.00231
2006-05-15,21.59,22.0,21.53,21.97,18623200.0,18623200.0,-0.38,-1.76,21.83333,"May 15, 06",-0.0176
2006-05-16,22.07,22.1,21.82,21.92,16978000.0,16978000.0,0.15,0.68,21.94667,"May 16, 06",0.0068
2006-05-17,21.88,21.99,21.6,21.78,19862400.0,19862400.0,0.1,0.457,21.79,"May 17, 06",0.00457
2006-05-18,21.79,21.96,21.68,21.78,15375800.0,15375800.0,0.01,0.046,21.80667,"May 18, 06",0.00046
2006-05-19,21.87,21.88,21.64,21.83,16014600.0,16014600.0,0.04,0.183,21.78333,"May 19, 06",0.00183
2006-05-22,21.78,21.87,21.69,21.8,15634200.0,15634200.0,-0.02,-0.092,21.78667,"May 22, 06",-0.00092
2006-05-23,21.87,21.89,21.76,21.79,13705800.0,13705800.0,0.08,0.366,21.81333,"May 23, 06",0.00366
2006-05-24,21.76,22.08,21.73,22.01,20534800.0,20534800.0,-0.25,-1.149,21.94,"May 24, 06",-0.01149
2006-05-25,22.09,22.18,21.92,22.18,14125400.0,14125400.0,-0.09,-0.407,22.09333,"May 25, 06",-0.00407
2006-05-26,22.25,22.38,22.11,22.25,12337000.0,12337000.0,0.0,0.0,22.24667,"May 26, 06",0.0
2006-05-30,22.11,22.16,21.82,21.83,16652200.0,16652200.0,0.28,1.266,21.93667,"May 30, 06",0.01266
2006-05-31,21.85,22.05,21.78,22.01,14599800.0,14599800.0,-0.16,-0.732,21.94667,"May 31, 06",-0.00732
2006-06-01,21.99,22.03,21.83,21.96,9973400.0,9973400.0,0.03,0.136,21.94,"June 01, 06",0.00136
2006-06-02,21.88,22.07,21.8,21.95,12120400.0,12120400.0,-0.07,-0.32,21.94,"June 02, 06",-0.0032
2006-06-05,21.9,21.94,21.7,21.72,11428600.0,11428600.0,0.18,0.822,21.78667,"June 05, 06",0.00822
2006-06-06,21.8,21.86,21.6,21.75,16578600.0,16578600.0,0.05,0.229,21.73667,"June 06, 06",0.00229
2006-06-07,21.81,21.9,21.67,21.69,11577400.0,11577400.0,0.12,0.55,21.75333,"June 07, 06",0.0055
2006-06-08,21.74,21.76,21.53,21.7,23080400.0,23080400.0,0.04,0.184,21.66333,"June 08, 06",0.00184
2006-06-09,21.9,21.92,21.72,21.78,13947800.0,13947800.0,0.12,0.548,21.80667,"June 09, 06",0.00548
2006-06-12,21.83,21.84,21.64,21.66,13990600.0,13990600.0,0.17,0.779,21.71333,"June 12, 06",0.00779
2006-06-13,21.59,21.63,21.38,21.46,18118600.0,18118600.0,0.13,0.602,21.49,"June 13, 06",0.00602
2006-06-14,21.42,21.56,21.25,21.41,12402600.0,12402600.0,0.01,0.047,21.40667,"June 14, 06",0.00047
2006-06-15,21.48,21.56,21.26,21.52,14639400.0,14639400.0,-0.04,-0.186,21.44667,"June 15, 06",-0.00186
2006-06-16,21.47,21.68,21.47,21.61,16754800.0,16754800.0,-0.14,-0.652,21.58667,"June 16, 06",-0.00652
2006-06-19,21.61,21.67,21.37,21.47,11623000.0,11623000.0,0.14,0.648,21.50333,"June 19, 06",0.00648
2006-06-20,21.45,21.56,21.35,21.4,11303800.0,11303800.0,0.05,0.233,21.43667,"June 20, 06",0.00233
2006-06-21,21.34,21.57,21.34,21.5,9266400.0,9266400.0,-0.16,-0.75,21.47,"June 21, 06",-0.0075
2006-06-22,21.51,21.53,21.31,21.43,8044600.0,8044600.0,0.08,0.372,21.42333,"June 22, 06",0.00372
2006-06-23,21.37,21.51,21.35,21.38,7681400.0,7681400.0,-0.01,-0.047,21.41333,"June 23, 06",-0.00047
2006-06-26,21.37,21.43,21.25,21.42,9625600.0,9625600.0,-0.05,-0.234,21.36667,"June 26, 06",-0.00234
2006-06-27,21.34,21.39,21.14,21.25,12008800.0,12008800.0,0.09,0.422,21.26,"June 27, 06",0.00422
2006-06-28,21.22,21.28,21.18,21.21,10224200.0,10224200.0,0.01,0.047,21.22333,"June 28, 06",0.00047
2006-06-29,21.28,21.58,21.21,21.53,14379000.0,14379000.0,-0.25,-1.175,21.44,"June 29, 06",-0.01175
2006-06-30,21.62,21.75,21.51,21.51,22568000.0,22568000.0,0.11,0.509,21.59,"June 30, 06",0.00509
2006-07-03,21.6,21.73,21.56,21.68,5875600.0,5875600.0,-0.08,-0.37,21.65667,"July 03, 06",-0.0037
2006-07-05,21.6,21.68,21.42,21.51,11837800.0,11837800.0,0.09,0.417,21.53667,"July 05, 06",0.00417
2006-07-06,21.59,21.8,21.52,21.67,10246000.0,10246000.0,-0.08,-0.371,21.66333,"July 06, 06",-0.00371
2006-07-07,21.62,21.75,21.56,21.59,5874000.0,5874000.0,0.03,0.139,21.63333,"July 07, 06",0.00139
2006-07-10,21.65,21.88,21.62,21.82,9588800.0,9588800.0,-0.17,-0.785,21.77333,"July 10, 06",-0.00785
2006-07-11,21.85,22.04,21.81,21.91,15525400.0,15525400.0,-0.06,-0.275,21.92,"July 11, 06",-0.00275
2006-07-12,21.92,21.93,21.72,21.79,8300400.0,8300400.0,0.13,0.593,21.81333,"July 12, 06",0.00593
2006-07-13,21.75,21.83,21.42,21.55,12870400.0,12870400.0,0.2,0.92,21.6,"July 13, 06",0.0092
2006-07-14,21.5,21.59,21.18,21.33,13775200.0,13775200.0,0.17,0.791,21.36667,"July 14, 06",0.00791
2006-07-17,21.28,21.42,21.27,21.35,11175800.0,11175800.0,-0.07,-0.329,21.34667,"July 17, 06",-0.00329
2006-07-18,21.67,21.86,21.54,21.78,23951200.0,23951200.0,-0.11,-0.508,21.72667,"July 18, 06",-0.00508
2006-07-19,21.95,21.96,21.78,21.91,16154800.0,16154800.0,0.04,0.182,21.88333,"July 19, 06",0.00182
2006-07-20,21.91,21.99,21.83,21.92,10657600.0,10657600.0,-0.01,-0.046,21.91333,"July 20, 06",-0.00046
2006-07-21,22.16,22.16,21.89,21.95,18399800.0,18399800.0,0.21,0.948,22.0,"July 21, 06",0.00948
2006-07-24,21.93,22.08,21.93,22.0,11459200.0,11459200.0,-0.07,-0.319,22.00333,"July 24, 06",-0.00319
2006-07-25,21.93,22.2,21.86,22.13,10983800.0,10983800.0,-0.2,-0.912,22.06333,"July 25, 06",-0.00912
2006-07-26,22.05,22.32,22.02,22.23,16632800.0,16632800.0,-0.18,-0.816,22.19,"July 26, 06",-0.00816
2006-07-27,22.28,22.32,22.11,22.16,12820000.0,12820000.0,0.12,0.539,22.19667,"July 27, 06",0.00539
2006-07-28,22.25,22.33,22.16,22.26,12831000.0,12831000.0,-0.01,-0.045,22.25,"July 28, 06",-0.00045
2006-07-31,22.26,22.4,22.22,22.25,12836200.0,12836200.0,0.01,0.045,22.29,"July 31, 06",0.00045
2006-08-01,22.25,22.32,22.12,22.16,9094400.0,9094400.0,0.09,0.404,22.2,"August 01, 06",0.00404
2006-08-02,22.15,22.25,22.09,22.16,9120600.0,9120600.0,-0.01,-0.045,22.16667,"August 02, 06",-0.00045
2006-08-03,22.1,22.17,21.95,22.01,11378000.0,11378000.0,0.09,0.407,22.04333,"August 03, 06",0.00407
2006-08-04,22.09,22.1,21.88,21.92,9781800.0,9781800.0,0.17,0.77,21.96667,"August 04, 06",0.0077
2006-08-07,21.92,21.98,21.74,21.81,10029400.0,10029400.0,0.11,0.502,21.84333,"August 07, 06",0.00502
2006-08-08,21.91,22.0,21.85,21.91,8162800.0,8162800.0,0.0,0.0,21.92,"August 08, 06",0.0
2006-08-09,21.98,22.05,21.86,21.88,7719000.0,7719000.0,0.1,0.455,21.93,"August 09, 06",0.00455
2006-08-10,21.89,22.09,21.86,21.95,8430600.0,8430600.0,-0.06,-0.274,21.96667,"August 10, 06",-0.00274
2006-08-11,21.86,21.94,21.81,21.88,5677400.0,5677400.0,-0.02,-0.091,21.87667,"August 11, 06",-0.00091
2006-08-14,22.0,22.08,21.94,22.0,8528800.0,8528800.0,0.0,0.0,22.00667,"August 14, 06",0.0
2006-08-15,22.12,22.17,22.06,22.16,9501200.0,9501200.0,-0.04,-0.181,22.13,"August 15, 06",-0.00181
2006-08-16,22.2,22.23,22.11,22.17,9839400.0,9839400.0,0.03,0.135,22.17,"August 16, 06",0.00135
2006-08-17,22.08,22.16,21.98,22.09,9517200.0,9517200.0,-0.01,-0.045,22.07667,"August 17, 06",-0.00045
2006-08-18,21.88,22.21,21.88,22.16,9963000.0,9963000.0,-0.28,-1.28,22.08333,"August 18, 06",-0.0128
2006-08-21,22.17,22.27,22.04,22.09,8328400.0,8328400.0,0.08,0.361,22.13333,"August 21, 06",0.00361
2006-08-22,22.14,22.26,22.06,22.21,8017800.0,8017800.0,-0.07,-0.316,22.17667,"August 22, 06",-0.00316
2006-08-23,22.17,22.22,22.07,22.16,7561200.0,7561200.0,0.01,0.045,22.15,"August 23, 06",0.00045
2006-08-24,22.15,22.3,22.09,22.25,10326200.0,10326200.0,-0.1,-0.451,22.21333,"August 24, 06",-0.00451
2006-08-25,22.23,22.31,22.17,22.26,5025800.0,5025800.0,-0.03,-0.135,22.24667,"August 25, 06",-0.00135
2006-08-28,22.26,22.49,22.17,22.36,8918600.0,8918600.0,-0.1,-0.449,22.34,"August 28, 06",-0.00449
2006-08-29,22.34,22.58,22.33,22.57,14100000.0,14100000.0,-0.23,-1.03,22.49333,"August 29, 06",-0.0103
2006-08-30,22.61,22.7,22.47,22.48,12119200.0,12119200.0,0.13,0.575,22.55,"August 30, 06",0.00575
2006-08-31,22.56,22.57,22.4,22.41,7306800.0,7306800.0,0.15,0.665,22.46,"August 31, 06",0.00665
2006-09-01,22.49,22.57,22.43,22.54,7852000.0,7852000.0,-0.05,-0.222,22.51333,"September 01, 06",-0.00222
2006-09-05,22.5,22.54,22.41,22.49,8144800.0,8144800.0,0.01,0.044,22.48,"September 05, 06",0.00044
2006-09-06,22.31,22.43,22.25,22.35,9858000.0,9858000.0,-0.04,-0.179,22.34333,"September 06, 06",-0.00179
2006-09-07,22.33,22.35,22.18,22.25,14780600.0,14780600.0,0.08,0.358,22.26,"September 07, 06",0.00358
2006-09-08,22.22,22.33,22.16,22.3,8646200.0,8646200.0,-0.08,-0.36,22.26333,"September 08, 06",-0.0036
2006-09-11,22.15,22.43,22.15,22.28,8995000.0,8995000.0,-0.13,-0.587,22.28667,"September 11, 06",-0.00587
2006-09-12,22.24,22.49,22.24,22.39,10300800.0,10300800.0,-0.15,-0.674,22.37333,"September 12, 06",-0.00674
2006-09-13,22.39,22.39,22.23,22.31,10795800.0,10795800.0,0.08,0.357,22.31,"September 13, 06",0.00357
2006-09-14,22.21,22.38,22.21,22.29,7799800.0,7799800.0,-0.08,-0.36,22.29333,"September 14, 06",-0.0036
2006-09-15,22.35,22.42,22.24,22.3,15846400.0,15846400.0,0.05,0.224,22.32,"September 15, 06",0.00224
2006-09-18,22.26,22.4,22.14,22.22,8969000.0,8969000.0,0.04,0.18,22.25333,"September 18, 06",0.0018
2006-09-19,22.27,22.28,22.11,22.19,8292600.0,8292600.0,0.08,0.359,22.19333,"September 19, 06",0.00359
2006-09-20,22.22,22.3,22.15,22.23,8288200.0,8288200.0,-0.01,-0.045,22.22667,"September 20, 06",-0.00045
2006-09-21,22.23,22.28,22.04,22.1,12089600.0,12089600.0,0.13,0.585,22.14,"September 21, 06",0.00585
2006-09-22,22.05,22.1,21.97,22.0,9691600.0,9691600.0,0.05,0.227,22.02333,"September 22, 06",0.00227
2006-09-25,22.08,22.31,22.0,22.2,12606800.0,12606800.0,-0.12,-0.543,22.17,"September 25, 06",-0.00543
2006-09-26,22.24,22.37,22.16,22.32,10611400.0,10611400.0,-0.08,-0.36,22.28333,"September 26, 06",-0.0036
2006-09-27,22.28,22.45,22.17,22.36,11340200.0,11340200.0,-0.08,-0.359,22.32667,"September 27, 06",-0.00359
2006-09-28,22.41,22.5,22.33,22.48,9706200.0,9706200.0,-0.07,-0.312,22.43667,"September 28, 06",-0.00312
2006-09-29,22.4,22.48,22.32,22.34,9214800.0,9214800.0,0.06,0.268,22.38,"September 29, 06",0.00268
2006-10-02,22.45,22.47,22.25,22.25,9450600.0,9450600.0,0.2,0.891,22.32333,"October 02, 06",0.00891
2006-10-03,22.25,22.41,22.25,22.28,10755000.0,10755000.0,-0.03,-0.135,22.31333,"October 03, 06",-0.00135
2006-10-04,21.9,22.41,21.9,22.4,10242000.0,10242000.0,-0.5,-2.283,22.23667,"October 04, 06",-0.02283
2006-10-05,22.36,22.48,22.34,22.42,8949800.0,8949800.0,-0.06,-0.268,22.41333,"October 05, 06",-0.00268
2006-10-06,22.41,22.45,22.33,22.38,10106200.0,10106200.0,0.03,0.134,22.38667,"October 06, 06",0.00134
2006-10-09,22.28,22.33,22.08,22.21,15335800.0,15335800.0,0.07,0.314,22.20667,"October 09, 06",0.00314
2006-10-10,22.24,22.25,21.98,22.03,25847200.0,25847200.0,0.21,0.944,22.08667,"October 10, 06",0.00944
2006-10-11,22.0,22.08,21.95,22.06,10412400.0,10412400.0,-0.06,-0.273,22.03,"October 11, 06",-0.00273
2006-10-12,22.1,22.13,21.98,22.03,11042400.0,11042400.0,0.07,0.317,22.04667,"October 12, 06",0.00317
2006-10-13,22.06,22.1,21.93,22.01,16628600.0,16628600.0,0.05,0.227,22.01333,"October 13, 06",0.00227
2006-10-16,22.08,22.24,22.0,22.13,14568800.0,14568800.0,-0.05,-0.226,22.12333,"October 16, 06",-0.00226
2006-10-17,22.05,22.12,21.88,21.9,16209800.0,16209800.0,0.15,0.68,21.96667,"October 17, 06",0.0068
2006-10-18,21.96,22.08,21.86,21.98,20173800.0,20173800.0,-0.02,-0.091,21.97333,"October 18, 06",-0.00091
2006-10-19,22.35,22.57,22.3,22.46,35323000.0,35323000.0,-0.11,-0.492,22.44333,"October 19, 06",-0.00492
2006-10-20,22.61,23.56,22.55,23.38,53627400.0,53627400.0,-0.77,-3.406,23.16333,"October 20, 06",-0.03406
2006-10-23,23.38,23.75,23.35,23.64,30265400.0,30265400.0,-0.26,-1.112,23.58,"October 23, 06",-0.01112
2006-10-24,23.53,23.62,23.45,23.51,20931600.0,20931600.0,0.02,0.085,23.52667,"October 24, 06",0.00085
2006-10-25,23.58,23.64,23.5,23.59,14119400.0,14119400.0,-0.01,-0.042,23.57667,"October 25, 06",-0.00042
2006-10-26,23.58,23.6,23.45,23.57,15688600.0,15688600.0,0.01,0.042,23.54,"October 26, 06",0.00042
2006-10-27,23.48,23.51,23.38,23.43,13495800.0,13495800.0,0.05,0.213,23.44,"October 27, 06",0.00213
2006-10-30,23.49,23.59,23.33,23.38,10973600.0,10973600.0,0.11,0.468,23.43333,"October 30, 06",0.00468
2006-10-31,23.41,23.47,23.25,23.36,12161800.0,12161800.0,0.05,0.214,23.36,"October 31, 06",0.00214
2006-11-01,23.37,23.45,23.25,23.32,10464600.0,10464600.0,0.05,0.214,23.34,"November 01, 06",0.00214
2006-11-02,23.25,23.42,23.21,23.36,15476800.0,15476800.0,-0.11,-0.473,23.33,"November 02, 06",-0.00473
2006-11-03,23.4,23.42,23.2,23.25,11942600.0,11942600.0,0.15,0.641,23.29,"November 03, 06",0.00641
2006-11-06,23.35,23.45,23.17,23.41,18737000.0,18737000.0,-0.06,-0.257,23.34333,"November 06, 06",-0.00257
2006-11-07,23.33,23.5,23.29,23.46,16346000.0,16346000.0,-0.13,-0.557,23.41667,"November 07, 06",-0.00557
2006-11-08,23.33,23.5,23.26,23.44,14765000.0,14765000.0,-0.11,-0.471,23.4,"November 08, 06",-0.00471
2006-11-09,23.35,23.5,23.26,23.33,16073600.0,16073600.0,0.02,0.086,23.36333,"November 09, 06",0.00086
2006-11-10,23.33,23.38,23.14,23.24,9880800.0,9880800.0,0.09,0.386,23.25333,"November 10, 06",0.00386
2006-11-13,23.21,23.3,23.09,23.21,13673200.0,13673200.0,0.0,0.0,23.2,"November 13, 06",0.0
2006-11-14,23.17,23.31,23.08,23.28,16383000.0,16383000.0,-0.11,-0.475,23.22333,"November 14, 06",-0.00475
2006-11-15,23.24,23.38,23.18,23.33,19823800.0,19823800.0,-0.09,-0.387,23.29667,"November 15, 06",-0.00387
2006-11-16,23.4,23.59,23.38,23.57,14747000.0,14747000.0,-0.17,-0.726,23.51333,"November 16, 06",-0.00726
2006-11-17,23.57,23.68,23.53,23.63,18904800.0,18904800.0,-0.06,-0.255,23.61333,"November 17, 06",-0.00255
2006-11-20,23.56,23.68,23.48,23.52,12338400.0,12338400.0,0.04,0.17,23.56,"November 20, 06",0.0017
2006-11-21,23.43,23.58,23.41,23.5,12110600.0,12110600.0,-0.07,-0.299,23.49667,"November 21, 06",-0.00299
2006-11-22,23.5,23.59,23.44,23.55,7258600.0,7258600.0,-0.05,-0.213,23.52667,"November 22, 06",-0.00213
2006-11-24,23.45,23.59,23.42,23.46,4565800.0,4565800.0,-0.01,-0.043,23.49,"November 24, 06",-0.00043
2006-11-27,23.43,23.48,23.2,23.28,18962400.0,18962400.0,0.15,0.64,23.32,"November 27, 06",0.0064
2006-11-28,23.18,23.48,23.17,23.34,14540000.0,14540000.0,-0.16,-0.69,23.33,"November 28, 06",-0.0069
2006-11-29,23.3,23.41,23.18,23.32,15077800.0,15077800.0,-0.02,-0.086,23.30333,"November 29, 06",-0.00086
2006-11-30,23.23,23.5,23.21,23.42,21071200.0,21071200.0,-0.19,-0.818,23.37667,"November 30, 06",-0.00818
2006-12-01,23.33,23.36,23.12,23.29,15461000.0,15461000.0,0.04,0.171,23.25667,"December 01, 06",0.00171
2006-12-04,23.37,23.63,23.27,23.42,14004400.0,14004400.0,-0.05,-0.214,23.44,"December 04, 06",-0.00214
2006-12-05,23.5,24.0,23.42,24.0,26343400.0,26343400.0,-0.5,-2.128,23.80667,"December 05, 06",-0.02128
2006-12-06,24.03,24.27,23.97,24.19,29681000.0,29681000.0,-0.16,-0.666,24.14333,"December 06, 06",-0.00666
2006-12-07,24.29,24.49,24.25,24.36,24190600.0,24190600.0,-0.07,-0.288,24.36667,"December 07, 06",-0.00288
2006-12-08,24.39,24.49,24.33,24.46,16320400.0,16320400.0,-0.07,-0.287,24.42667,"December 08, 06",-0.00287
2006-12-11,24.42,24.58,24.29,24.41,18181400.0,18181400.0,0.01,0.041,24.42667,"December 11, 06",0.00041
2006-12-12,24.38,24.58,24.35,24.45,16227000.0,16227000.0,-0.07,-0.287,24.46,"December 12, 06",-0.00287
2006-12-13,24.57,24.57,24.33,24.42,12960800.0,12960800.0,0.15,0.611,24.44,"December 13, 06",0.00611
2006-12-14,24.45,24.58,24.37,24.5,15830200.0,15830200.0,-0.05,-0.204,24.48333,"December 14, 06",-0.00204
2006-12-15,24.5,24.67,24.19,24.47,23760200.0,23760200.0,0.03,0.122,24.44333,"December 15, 06",0.00122
2006-12-18,24.42,24.55,24.41,24.45,10438400.0,10438400.0,-0.03,-0.123,24.47,"December 18, 06",-0.00123
2006-12-19,24.33,24.43,24.2,24.39,15461400.0,15461400.0,-0.06,-0.247,24.34,"December 19, 06",-0.00247
2006-12-20,24.37,24.41,24.32,24.38,12103600.0,12103600.0,-0.01,-0.041,24.37,"December 20, 06",-0.00041
2006-12-21,24.38,24.43,24.32,24.33,14383200.0,14383200.0,0.05,0.205,24.36,"December 21, 06",0.00205
2006-12-22,24.37,24.4,24.13,24.19,7878000.0,7878000.0,0.18,0.739,24.24,"December 22, 06",0.00739
2006-12-26,24.21,24.3,24.16,24.28,5260400.0,5260400.0,-0.07,-0.289,24.24667,"December 26, 06",-0.00289
2006-12-27,24.34,24.39,24.15,24.34,9620800.0,9620800.0,0.0,0.0,24.29333,"December 27, 06",0.0
2006-12-28,24.33,24.41,24.25,24.27,7907000.0,7907000.0,0.06,0.247,24.31,"December 28, 06",0.00247
2006-12-29,24.22,24.33,24.09,24.13,12339600.0,12339600.0,0.09,0.372,24.18333,"December 29, 06",0.00372
2007-01-03,24.18,24.44,24.14,24.29,15753400.0,15753400.0,-0.11,-0.455,24.29,"January 03, 07",-0.00455
2007-01-04,24.21,24.35,24.13,24.3,11810400.0,11810400.0,-0.09,-0.372,24.26,"January 04, 07",-0.00372
2007-01-05,24.25,24.29,24.08,24.13,11607000.0,11607000.0,0.12,0.495,24.16667,"January 05, 07",0.00495
2007-01-08,24.0,24.33,24.0,24.29,17551000.0,17551000.0,-0.29,-1.208,24.20667,"January 08, 07",-0.01208
2007-01-09,24.27,24.42,24.23,24.31,13724000.0,13724000.0,-0.04,-0.165,24.32,"January 09, 07",-0.00165
2007-01-10,24.25,24.4,24.18,24.34,8928000.0,8928000.0,-0.09,-0.371,24.30667,"January 10, 07",-0.00371
2007-01-11,24.38,24.43,24.3,24.37,11009600.0,11009600.0,0.01,0.041,24.36667,"January 11, 07",0.00041
2007-01-12,24.3,24.33,24.13,24.28,13667200.0,13667200.0,0.02,0.082,24.24667,"January 12, 07",0.00082
2007-01-16,24.24,24.34,24.17,24.25,12685200.0,12685200.0,-0.01,-0.041,24.25333,"January 16, 07",-0.00041
2007-01-17,24.26,24.43,24.24,24.3,14400200.0,14400200.0,-0.04,-0.165,24.32333,"January 17, 07",-0.00165
2007-01-18,24.21,24.5,24.1,24.17,15223000.0,15223000.0,0.04,0.165,24.25667,"January 18, 07",0.00165
2007-01-19,24.21,24.22,24.04,24.13,13008200.0,13008200.0,0.08,0.33,24.13,"January 19, 07",0.0033
2007-01-22,24.06,24.17,24.0,24.01,12198800.0,12198800.0,0.05,0.208,24.06,"January 22, 07",0.00208
2007-01-23,24.08,24.12,23.97,24.06,12149000.0,12149000.0,0.02,0.083,24.05,"January 23, 07",0.00083
2007-01-24,24.09,24.1,23.97,24.07,8641600.0,8641600.0,0.02,0.083,24.04667,"January 24, 07",0.00083
2007-01-25,24.04,24.11,23.95,23.97,11596600.0,11596600.0,0.07,0.291,24.01,"January 25, 07",0.00291
2007-01-26,24.0,24.05,23.9,23.92,14459000.0,14459000.0,0.08,0.333,23.95667,"January 26, 07",0.00333
2007-01-29,23.88,23.96,23.78,23.86,10077800.0,10077800.0,0.02,0.084,23.86667,"January 29, 07",0.00084
2007-01-30,23.92,23.98,23.82,23.91,8986000.0,8986000.0,0.01,0.042,23.90333,"January 30, 07",0.00042
2007-01-31,23.9,23.99,23.75,23.94,10604400.0,10604400.0,-0.04,-0.167,23.89333,"January 31, 07",-0.00167
2007-02-01,24.0,24.14,23.92,24.05,10398600.0,10398600.0,-0.05,-0.208,24.03667,"February 01, 07",-0.00208
2007-02-02,24.05,24.21,24.02,24.12,10703600.0,10703600.0,-0.07,-0.291,24.11667,"February 02, 07",-0.00291
2007-02-05,24.06,24.12,23.92,23.95,9192800.0,9192800.0,0.11,0.457,23.99667,"February 05, 07",0.00457
2007-02-06,24.0,24.08,23.93,24.03,11168800.0,11168800.0,-0.03,-0.125,24.01333,"February 06, 07",-0.00125
2007-02-07,24.01,24.07,23.93,24.01,9242400.0,9242400.0,0.0,0.0,24.00333,"February 07, 07",0.0
2007-02-08,23.98,24.03,23.83,23.93,9076600.0,9076600.0,0.05,0.209,23.93,"February 08, 07",0.00209
2007-02-09,23.86,24.0,23.82,23.88,9828400.0,9828400.0,-0.02,-0.084,23.9,"February 09, 07",-0.00084
2007-02-12,23.92,24.18,23.9,23.96,13925400.0,13925400.0,-0.04,-0.167,24.01333,"February 12, 07",-0.00167
2007-02-13,24.05,24.21,24.05,24.11,19411800.0,19411800.0,-0.06,-0.249,24.12333,"February 13, 07",-0.00249
2007-02-14,24.25,24.28,23.87,23.94,32846800.0,32846800.0,0.31,1.278,24.03,"February 14, 07",0.01278
2007-02-15,24.0,24.05,23.79,23.92,19195000.0,19195000.0,0.08,0.333,23.92,"February 15, 07",0.00333
2007-02-16,24.0,24.05,23.88,23.93,17492200.0,17492200.0,0.07,0.292,23.95333,"February 16, 07",0.00292
2007-02-20,23.76,23.94,23.75,23.89,17828800.0,17828800.0,-0.13,-0.547,23.86,"February 20, 07",-0.00547
2007-02-21,23.78,23.89,23.76,23.79,16489600.0,16489600.0,-0.01,-0.042,23.81333,"February 21, 07",-0.00042
2007-02-22,23.84,23.87,23.61,23.65,16721000.0,16721000.0,0.19,0.797,23.71,"February 22, 07",0.00797
2007-02-23,23.83,23.97,23.59,23.63,29516200.0,29516200.0,0.2,0.839,23.73,"February 23, 07",0.00839
2007-02-26,23.85,23.95,23.79,23.86,18709000.0,18709000.0,-0.01,-0.042,23.86667,"February 26, 07",-0.00042
2007-02-27,23.74,23.92,22.78,23.2,30318600.0,30318600.0,0.54,2.275,23.3,"February 27, 07",0.02275
2007-02-28,23.38,23.45,23.16,23.34,27629200.0,27629200.0,0.04,0.171,23.31667,"February 28, 07",0.00171
2007-03-01,23.21,23.47,23.14,23.26,27342000.0,27342000.0,-0.05,-0.215,23.29,"March 01, 07",-0.00215
2007-03-02,23.23,23.47,22.91,22.95,34050600.0,34050600.0,0.28,1.205,23.11,"March 02, 07",0.01205
2007-03-05,22.95,23.36,22.89,23.15,29572400.0,29572400.0,-0.2,-0.871,23.13333,"March 05, 07",-0.00871
2007-03-06,23.34,23.53,23.28,23.47,25097800.0,25097800.0,-0.13,-0.557,23.42667,"March 06, 07",-0.00557
2007-03-07,23.38,23.5,23.33,23.38,26321800.0,26321800.0,0.0,0.0,23.40333,"March 07, 07",0.0
2007-03-08,23.45,23.68,23.45,23.58,17422400.0,17422400.0,-0.13,-0.554,23.57,"March 08, 07",-0.00554
2007-03-09,23.62,23.83,23.58,23.79,26127200.0,26127200.0,-0.17,-0.72,23.73333,"March 09, 07",-0.0072
2007-03-12,23.79,24.0,23.74,23.98,26009000.0,26009000.0,-0.19,-0.799,23.90667,"March 12, 07",-0.00799
2007-03-13,23.67,23.93,23.48,23.53,32198000.0,32198000.0,0.14,0.591,23.64667,"March 13, 07",0.00591
2007-03-14,23.63,23.67,23.3,23.52,32553400.0,32553400.0,0.11,0.466,23.49667,"March 14, 07",0.00466
2007-03-15,23.48,23.57,23.34,23.54,19059000.0,19059000.0,-0.06,-0.256,23.48333,"March 15, 07",-0.00256
2007-03-16,23.63,23.66,23.41,23.61,28231600.0,28231600.0,0.02,0.085,23.56,"March 16, 07",0.00085
2007-03-19,23.67,23.75,23.52,23.67,15513600.0,15513600.0,0.0,0.0,23.64667,"March 19, 07",0.0
2007-03-20,23.71,23.88,23.62,23.81,14456000.0,14456000.0,-0.1,-0.422,23.77,"March 20, 07",-0.00422
2007-03-21,23.85,24.17,23.68,24.13,24361000.0,24361000.0,-0.28,-1.174,23.99333,"March 21, 07",-0.01174
2007-03-22,23.96,24.22,23.96,24.13,16486800.0,16486800.0,-0.17,-0.71,24.10333,"March 22, 07",-0.0071
2007-03-23,24.07,24.14,23.99,24.03,16012200.0,16012200.0,0.04,0.166,24.05333,"March 23, 07",0.00166
2007-03-26,23.98,24.09,23.84,24.08,14385200.0,14385200.0,-0.1,-0.417,24.00333,"March 26, 07",-0.00417
2007-03-27,24.0,24.08,23.92,24.01,13230600.0,13230600.0,-0.01,-0.042,24.00333,"March 27, 07",-0.00042
2007-03-28,23.9,24.15,23.8,23.96,22657800.0,22657800.0,-0.06,-0.251,23.97,"March 28, 07",-0.00251
2007-03-29,23.81,24.2,23.42,24.06,18947800.0,18947800.0,-0.25,-1.05,23.89333,"March 29, 07",-0.0105
2007-03-30,24.13,24.25,23.8,24.0,17937600.0,17937600.0,0.13,0.539,24.01667,"March 30, 07",0.00539
2007-04-02,24.1,24.33,24.03,24.26,22443400.0,22443400.0,-0.16,-0.664,24.20667,"April 02, 07",-0.00664
2007-04-03,24.26,24.58,24.26,24.5,19033200.0,19033200.0,-0.24,-0.989,24.44667,"April 03, 07",-0.00989
2007-04-04,24.5,24.82,24.47,24.73,22203000.0,22203000.0,-0.23,-0.939,24.67333,"April 04, 07",-0.00939
2007-04-05,24.67,24.89,24.65,24.76,17959200.0,17959200.0,-0.09,-0.365,24.76667,"April 05, 07",-0.00365
2007-04-09,24.8,24.98,24.72,24.82,14632800.0,14632800.0,-0.02,-0.081,24.84,"April 09, 07",-0.00081
2007-04-10,24.89,25.16,24.83,25.04,26317400.0,26317400.0,-0.15,-0.603,25.01,"April 10, 07",-0.00603
2007-04-11,25.04,25.1,24.8,24.82,24374000.0,24374000.0,0.22,0.879,24.90667,"April 11, 07",0.00879
2007-04-12,24.83,24.98,24.33,24.83,15512400.0,15512400.0,0.0,0.0,24.71333,"April 12, 07",0.0
2007-04-13,25.15,25.15,24.75,24.94,13829600.0,13829600.0,0.21,0.835,24.94667,"April 13, 07",0.00835
2007-04-16,25.0,25.22,24.97,25.14,20130200.0,20130200.0,-0.14,-0.56,25.11,"April 16, 07",-0.0056
2007-04-17,25.53,26.09,25.38,25.79,50341600.0,50341600.0,-0.26,-1.018,25.75333,"April 17, 07",-0.01018
2007-04-18,25.8,25.87,25.67,25.83,22955600.0,22955600.0,-0.03,-0.116,25.79,"April 18, 07",-0.00116
2007-04-19,25.68,25.95,25.66,25.88,18696200.0,18696200.0,-0.2,-0.779,25.83,"April 19, 07",-0.00779
2007-04-20,26.03,26.08,25.81,26.05,21201000.0,21201000.0,-0.02,-0.077,25.98,"April 20, 07",-0.00077
2007-04-23,26.05,26.1,25.8,25.83,14465800.0,14465800.0,0.22,0.845,25.91,"April 23, 07",0.00845
2007-04-24,25.99,25.99,25.68,25.86,16117400.0,16117400.0,0.13,0.5,25.84333,"April 24, 07",0.005
2007-04-25,26.0,26.03,25.75,25.87,21349800.0,21349800.0,0.13,0.5,25.88333,"April 25, 07",0.005
2007-04-26,26.0,26.12,25.92,26.04,15173600.0,15173600.0,-0.04,-0.154,26.02667,"April 26, 07",-0.00154
2007-04-27,25.92,26.06,25.88,26.03,13926200.0,13926200.0,-0.11,-0.424,25.99,"April 27, 07",-0.00424
2007-04-30,25.96,26.17,25.92,26.09,23486000.0,23486000.0,-0.13,-0.501,26.06,"April 30, 07",-0.00501
2007-05-01,26.09,26.32,26.07,26.32,20552200.0,20552200.0,-0.23,-0.882,26.23667,"May 01, 07",-0.00882
2007-05-02,26.3,26.47,26.25,26.36,17473000.0,17473000.0,-0.06,-0.228,26.36,"May 02, 07",-0.00228
2007-05-03,26.4,26.5,26.3,26.46,16194400.0,16194400.0,-0.06,-0.227,26.42,"May 03, 07",-0.00227
2007-05-04,26.5,26.66,26.48,26.61,18067000.0,18067000.0,-0.11,-0.415,26.58333,"May 04, 07",-0.00415
2007-05-07,26.61,26.83,26.58,26.81,14151800.0,14151800.0,-0.2,-0.752,26.74,"May 07, 07",-0.00752
2007-05-08,26.68,26.76,26.46,26.54,15197400.0,15197400.0,0.14,0.525,26.58667,"May 08, 07",0.00525
2007-05-09,26.55,26.7,26.42,26.56,11234400.0,11234400.0,-0.01,-0.038,26.56,"May 09, 07",-0.00038
2007-05-10,26.48,26.52,26.22,26.24,14908400.0,14908400.0,0.24,0.906,26.32667,"May 10, 07",0.00906
2007-05-11,26.23,26.37,26.08,26.34,12985200.0,12985200.0,-0.11,-0.419,26.26333,"May 11, 07",-0.00419
2007-05-14,26.27,26.48,26.25,26.3,13295800.0,13295800.0,-0.03,-0.114,26.34333,"May 14, 07",-0.00114
2007-05-15,26.15,26.4,26.08,26.23,31652800.0,31652800.0,-0.08,-0.306,26.23667,"May 15, 07",-0.00306
2007-05-16,26.25,26.4,26.07,26.37,16792200.0,16792200.0,-0.12,-0.457,26.28,"May 16, 07",-0.00457
2007-05-17,26.49,26.5,26.05,26.1,18808400.0,18808400.0,0.39,1.472,26.21667,"May 17, 07",0.01472
2007-05-18,26.18,26.33,26.05,26.32,25827200.0,25827200.0,-0.14,-0.535,26.23333,"May 18, 07",-0.00535
2007-05-21,26.32,26.41,25.88,25.96,26409400.0,26409400.0,0.36,1.368,26.08333,"May 21, 07",0.01368
2007-05-22,25.98,25.99,25.71,25.74,19057200.0,19057200.0,0.24,0.924,25.81333,"May 22, 07",0.00924
2007-05-23,25.82,25.89,25.62,25.67,15167600.0,15167600.0,0.15,0.581,25.72667,"May 23, 07",0.00581
2007-05-24,25.64,25.88,25.58,25.62,17765600.0,17765600.0,0.02,0.078,25.69333,"May 24, 07",0.00078
2007-05-25,25.78,26.09,25.75,25.95,18502400.0,18502400.0,-0.17,-0.659,25.93,"May 25, 07",-0.00659
2007-05-29,26.01,26.17,25.96,26.09,16716400.0,16716400.0,-0.08,-0.308,26.07333,"May 29, 07",-0.00308
2007-05-30,26.18,26.53,25.96,26.53,29334600.0,29334600.0,-0.35,-1.337,26.34,"May 30, 07",-0.01337
2007-05-31,26.48,26.73,26.44,26.5,21255400.0,21255400.0,-0.02,-0.076,26.55667,"May 31, 07",-0.00076
2007-06-01,26.5,26.57,26.22,26.4,17018400.0,17018400.0,0.1,0.377,26.39667,"June 01, 07",0.00377
2007-06-04,26.38,26.4,26.11,26.33,20438800.0,20438800.0,0.05,0.19,26.28,"June 04, 07",0.0019
2007-06-05,26.24,26.33,26.05,26.16,19282600.0,19282600.0,0.08,0.305,26.18,"June 05, 07",0.00305
2007-06-06,26.13,26.16,25.92,26.0,11280800.0,11280800.0,0.13,0.498,26.02667,"June 06, 07",0.00498
2007-06-07,26.0,26.04,25.63,25.69,18724600.0,18724600.0,0.31,1.192,25.78667,"June 07, 07",0.01192
2007-06-08,25.63,25.86,25.51,25.83,13315200.0,13315200.0,-0.2,-0.78,25.73333,"June 08, 07",-0.0078
2007-06-11,25.83,25.92,25.66,25.82,21803400.0,21803400.0,0.01,0.039,25.8,"June 11, 07",0.00039
2007-06-12,25.67,25.89,25.53,25.57,22790200.0,22790200.0,0.1,0.39,25.66333,"June 12, 07",0.0039
2007-06-13,25.58,25.75,25.53,25.68,20020800.0,20020800.0,-0.1,-0.391,25.65333,"June 13, 07",-0.00391
2007-06-14,25.68,25.84,25.54,25.66,17990600.0,17990600.0,0.02,0.078,25.68,"June 14, 07",0.00078
2007-06-15,25.8,26.07,25.68,25.79,26360400.0,26360400.0,0.01,0.039,25.84667,"June 15, 07",0.00039
2007-06-18,25.79,26.0,25.76,25.88,11100800.0,11100800.0,-0.09,-0.349,25.88,"June 18, 07",-0.00349
2007-06-19,25.79,25.84,25.56,25.7,21341400.0,21341400.0,0.09,0.349,25.7,"June 19, 07",0.00349
2007-06-20,25.77,26.04,25.66,25.75,19981600.0,19981600.0,0.02,0.078,25.81667,"June 20, 07",0.00078
2007-06-21,25.7,26.08,25.68,26.05,18870400.0,18870400.0,-0.35,-1.362,25.93667,"June 21, 07",-0.01362
2007-06-22,26.03,26.13,25.72,25.81,30157400.0,30157400.0,0.22,0.845,25.88667,"June 22, 07",0.00845
2007-06-25,25.83,26.02,25.75,25.89,21450600.0,21450600.0,-0.06,-0.232,25.88667,"June 25, 07",-0.00232
2007-06-26,25.95,26.17,25.81,25.98,22278800.0,22278800.0,-0.03,-0.116,25.98667,"June 26, 07",-0.00116
2007-06-27,25.88,26.26,25.88,26.22,18175600.0,18175600.0,-0.34,-1.314,26.12,"June 27, 07",-0.01314
2007-06-28,26.16,26.46,26.11,26.32,16126400.0,16126400.0,-0.16,-0.612,26.29667,"June 28, 07",-0.00612
2007-06-29,26.42,26.48,25.98,26.16,19029200.0,19029200.0,0.26,0.984,26.20667,"June 29, 07",0.00984
2007-07-02,26.33,26.5,26.16,26.28,18294600.0,18294600.0,0.05,0.19,26.31333,"July 02, 07",0.0019
2007-07-03,26.41,26.49,26.25,26.45,8382800.0,8382800.0,-0.04,-0.151,26.39667,"July 03, 07",-0.00151
2007-07-05,26.45,26.5,26.24,26.33,10865400.0,10865400.0,0.12,0.454,26.35667,"July 05, 07",0.00454
2007-07-06,26.28,26.33,26.15,26.3,12349600.0,12349600.0,-0.02,-0.076,26.26,"July 06, 07",-0.00076
2007-07-09,26.37,26.5,26.29,26.35,19237800.0,19237800.0,0.02,0.076,26.38,"July 09, 07",0.00076
2007-07-10,26.47,26.47,26.04,26.05,14505200.0,14505200.0,0.42,1.587,26.18667,"July 10, 07",0.01587
2007-07-11,26.0,26.14,25.9,26.05,12185400.0,12185400.0,-0.05,-0.192,26.03,"July 11, 07",-0.00192
2007-07-12,26.08,26.33,26.03,26.32,23446200.0,23446200.0,-0.24,-0.92,26.22667,"July 12, 07",-0.0092
2007-07-13,26.32,26.63,26.25,26.56,16634800.0,16634800.0,-0.24,-0.912,26.48,"July 13, 07",-0.00912
2007-07-16,26.7,27.25,26.68,26.92,33549400.0,33549400.0,-0.22,-0.824,26.95,"July 16, 07",-0.00824
2007-07-17,27.17,27.19,26.41,26.58,33030000.0,33030000.0,0.59,2.172,26.72667,"July 17, 07",0.02172
2007-07-18,26.66,26.79,26.54,26.72,28491200.0,28491200.0,-0.06,-0.225,26.68333,"July 18, 07",-0.00225
2007-07-19,26.95,26.97,26.72,26.85,14462400.0,14462400.0,0.1,0.371,26.84667,"July 19, 07",0.00371
2007-07-20,26.87,26.95,26.55,26.61,22396600.0,22396600.0,0.26,0.968,26.70333,"July 20, 07",0.00968
2007-07-23,26.67,26.88,26.58,26.82,14063800.0,14063800.0,-0.15,-0.562,26.76,"July 23, 07",-0.00562
2007-07-24,26.49,26.9,26.48,26.61,18704400.0,18704400.0,-0.12,-0.453,26.66333,"July 24, 07",-0.00453
2007-07-25,26.74,27.1,26.59,27.03,25611600.0,25611600.0,-0.29,-1.085,26.90667,"July 25, 07",-0.01085
2007-07-26,26.58,27.11,26.28,26.49,29326200.0,29326200.0,0.09,0.339,26.62667,"July 26, 07",0.00339
2007-07-27,26.46,26.55,26.11,26.14,24074400.0,24074400.0,0.32,1.209,26.26667,"July 27, 07",0.01209
2007-07-30,26.53,26.92,25.9,26.2,19912000.0,19912000.0,0.33,1.244,26.34,"July 30, 07",0.01244
2007-07-31,26.37,26.43,26.02,26.06,19887000.0,19887000.0,0.31,1.176,26.17,"July 31, 07",0.01176
2007-08-01,26.18,26.74,26.09,26.64,24743400.0,24743400.0,-0.46,-1.757,26.49,"August 01, 07",-0.01757
2007-08-02,26.58,26.9,26.58,26.83,19595400.0,19595400.0,-0.25,-0.941,26.77,"August 02, 07",-0.00941
2007-08-03,26.91,27.13,26.62,26.64,22044200.0,22044200.0,0.27,1.003,26.79667,"August 03, 07",0.01003
2007-08-06,26.58,27.13,26.58,27.12,23334800.0,23334800.0,-0.54,-2.032,26.94333,"August 06, 07",-0.02032
2007-08-07,26.98,27.4,26.86,27.23,22657200.0,22657200.0,-0.25,-0.927,27.16333,"August 07, 07",-0.00927
2007-08-08,27.2,27.94,27.19,27.93,25070400.0,25070400.0,-0.73,-2.684,27.68667,"August 08, 07",-0.02684
2007-08-09,27.41,28.36,27.41,27.92,34244000.0,34244000.0,-0.51,-1.861,27.89667,"August 09, 07",-0.01861
2007-08-10,27.7,28.07,27.05,27.49,29816800.0,29816800.0,0.21,0.758,27.53667,"August 10, 07",0.00758
2007-08-13,27.5,27.55,27.11,27.26,19106400.0,19106400.0,0.24,0.873,27.30667,"August 13, 07",0.00873
2007-08-14,27.39,27.42,26.9,27.07,26200600.0,26200600.0,0.32,1.168,27.13,"August 14, 07",0.01168
2007-08-15,27.08,27.33,26.81,26.92,14280600.0,14280600.0,0.16,0.591,27.02,"August 15, 07",0.00591
2007-08-16,26.75,27.15,26.42,26.79,29002000.0,29002000.0,-0.04,-0.15,26.78667,"August 16, 07",-0.0015
2007-08-17,27.47,28.42,26.58,27.23,28468600.0,28468600.0,0.24,0.874,27.41,"August 17, 07",0.00874
2007-08-20,27.19,27.44,27.08,27.26,15993800.0,15993800.0,-0.07,-0.257,27.26,"August 20, 07",-0.00257
2007-08-21,27.2,27.42,26.99,27.01,16781600.0,16781600.0,0.19,0.699,27.14,"August 21, 07",0.00699
2007-08-22,27.18,27.25,26.89,26.98,15279400.0,15279400.0,0.2,0.736,27.04,"August 22, 07",0.00736
2007-08-23,26.94,27.08,26.81,26.99,13930000.0,13930000.0,-0.05,-0.186,26.96,"August 23, 07",-0.00186
2007-08-24,26.83,27.37,26.83,27.0,13493400.0,13493400.0,-0.17,-0.634,27.06667,"August 24, 07",-0.00634
2007-08-27,26.99,27.08,26.85,27.0,9995800.0,9995800.0,-0.01,-0.037,26.97667,"August 27, 07",-0.00037
2007-08-28,27.0,27.0,26.59,26.63,15706000.0,15706000.0,0.37,1.37,26.74,"August 28, 07",0.0137
2007-08-29,26.74,26.85,26.54,26.75,15922800.0,15922800.0,-0.01,-0.037,26.71333,"August 29, 07",-0.00037
2007-08-30,26.61,26.82,26.57,26.7,13982600.0,13982600.0,-0.09,-0.338,26.69667,"August 30, 07",-0.00338
2007-08-31,26.89,26.99,26.7,26.89,15035200.0,15035200.0,0.0,0.0,26.86,"August 31, 07",0.0
2007-09-04,26.83,27.22,26.83,27.18,12463000.0,12463000.0,-0.35,-1.305,27.07667,"September 04, 07",-0.01305
2007-09-05,27.07,27.17,26.68,26.84,18938600.0,18938600.0,0.23,0.85,26.89667,"September 05, 07",0.0085
2007-09-06,26.78,27.52,26.6,27.33,19000200.0,19000200.0,-0.55,-2.054,27.15,"September 06, 07",-0.02054
2007-09-07,27.3,27.5,27.06,27.3,23982600.0,23982600.0,0.0,0.0,27.28667,"September 07, 07",0.0
2007-09-10,27.3,27.51,27.15,27.29,20339400.0,20339400.0,0.01,0.037,27.31667,"September 10, 07",0.00037
2007-09-11,27.36,27.97,27.35,27.83,23866200.0,23866200.0,-0.47,-1.718,27.71667,"September 11, 07",-0.01718
2007-09-12,27.8,28.18,27.64,27.92,18437000.0,18437000.0,-0.12,-0.432,27.91333,"September 12, 07",-0.00432
2007-09-13,27.98,28.1,27.81,27.93,14353000.0,14353000.0,0.05,0.179,27.94667,"September 13, 07",0.00179
2007-09-14,27.86,28.28,27.83,28.2,15459800.0,15459800.0,-0.34,-1.22,28.10333,"September 14, 07",-0.0122
2007-09-17,28.0,28.05,27.52,27.64,21078400.0,21078400.0,0.36,1.286,27.73667,"September 17, 07",0.01286
2007-09-18,27.71,28.22,27.71,28.21,19898800.0,19898800.0,-0.5,-1.804,28.04667,"September 18, 07",-0.01804
2007-09-19,28.25,28.38,27.94,28.31,17220600.0,17220600.0,-0.06,-0.212,28.21,"September 19, 07",-0.00212
2007-09-20,28.28,28.33,28.08,28.16,12583400.0,12583400.0,0.12,0.424,28.19,"September 20, 07",0.00424
2007-09-21,28.19,28.43,28.16,28.28,21948800.0,21948800.0,-0.09,-0.319,28.29,"September 21, 07",-0.00319
2007-09-24,28.25,28.69,28.25,28.35,20872800.0,20872800.0,-0.1,-0.354,28.43,"September 24, 07",-0.00354
2007-09-25,28.34,28.64,28.27,28.51,15230200.0,15230200.0,-0.17,-0.6,28.47333,"September 25, 07",-0.006
2007-09-26,28.58,28.84,28.46,28.67,14776200.0,14776200.0,-0.09,-0.315,28.65667,"September 26, 07",-0.00315
2007-09-27,28.66,28.8,28.57,28.67,14274400.0,14274400.0,-0.01,-0.035,28.68,"September 27, 07",-0.00035
2007-09-28,28.65,28.89,28.51,28.74,13061200.0,13061200.0,-0.09,-0.314,28.71333,"September 28, 07",-0.00314
2007-10-01,28.81,29.17,28.78,28.95,19918600.0,19918600.0,-0.14,-0.486,28.96667,"October 01, 07",-0.00486
2007-10-02,29.0,29.08,28.82,28.96,17565600.0,17565600.0,0.04,0.138,28.95333,"October 02, 07",0.00138
2007-10-03,28.88,29.01,28.68,28.79,12628400.0,12628400.0,0.09,0.312,28.82667,"October 03, 07",0.00312
2007-10-04,28.83,29.07,28.79,28.93,11534600.0,11534600.0,-0.1,-0.347,28.93,"October 04, 07",-0.00347
2007-10-05,28.99,29.14,28.92,29.04,10896400.0,10896400.0,-0.05,-0.172,29.03333,"October 05, 07",-0.00172
2007-10-08,28.98,29.07,28.84,28.9,6021600.0,6021600.0,0.08,0.276,28.93667,"October 08, 07",0.00276
2007-10-09,28.8,28.94,28.65,28.94,16272000.0,16272000.0,-0.14,-0.486,28.84333,"October 09, 07",-0.00486
2007-10-10,29.0,29.1,28.89,28.93,13236400.0,13236400.0,0.07,0.241,28.97333,"October 10, 07",0.00241
2007-10-11,29.0,29.09,28.46,28.59,12950600.0,12950600.0,0.41,1.414,28.71333,"October 11, 07",0.01414
2007-10-12,28.6,28.97,28.58,28.9,10410200.0,10410200.0,-0.3,-1.049,28.81667,"October 12, 07",-0.01049
2007-10-15,29.05,29.12,28.58,28.82,13801000.0,13801000.0,0.23,0.792,28.84,"October 15, 07",0.00792
2007-10-16,28.83,29.05,28.72,28.88,14228200.0,14228200.0,-0.05,-0.173,28.88333,"October 16, 07",-0.00173
2007-10-17,29.17,29.72,29.03,29.55,32814800.0,32814800.0,-0.38,-1.303,29.43333,"October 17, 07",-0.01303
2007-10-18,29.52,29.83,29.39,29.68,20771800.0,20771800.0,-0.16,-0.542,29.63333,"October 18, 07",-0.00542
2007-10-19,29.76,29.88,29.34,29.38,24173600.0,24173600.0,0.38,1.277,29.53333,"October 19, 07",0.01277
2007-10-22,29.27,29.7,29.2,29.63,18251800.0,18251800.0,-0.36,-1.23,29.51,"October 22, 07",-0.0123
2007-10-23,29.66,29.89,29.63,29.88,11663000.0,11663000.0,-0.22,-0.742,29.8,"October 23, 07",-0.00742
2007-10-24,29.75,30.1,29.68,30.09,18633200.0,18633200.0,-0.34,-1.143,29.95667,"October 24, 07",-0.01143
2007-10-25,30.12,30.73,30.05,30.65,19553800.0,19553800.0,-0.53,-1.76,30.47667,"October 25, 07",-0.0176
2007-10-26,30.67,30.8,30.44,30.79,16187400.0,16187400.0,-0.12,-0.391,30.67667,"October 26, 07",-0.00391
2007-10-29,30.75,31.01,30.65,30.92,16951200.0,16951200.0,-0.17,-0.553,30.86,"October 29, 07",-0.00553
2007-10-30,30.92,31.08,30.67,30.87,13738200.0,13738200.0,0.05,0.162,30.87333,"October 30, 07",0.00162
2007-10-31,31.0,31.03,30.57,30.88,16640000.0,16640000.0,0.12,0.387,30.82667,"October 31, 07",0.00387
2007-11-01,30.82,31.0,30.41,30.45,20035400.0,20035400.0,0.37,1.201,30.62,"November 01, 07",0.01201
2007-11-02,30.57,30.58,30.0,30.25,17152600.0,17152600.0,0.32,1.047,30.27667,"November 02, 07",0.01047
2007-11-05,30.25,30.37,29.96,30.17,17845400.0,17845400.0,0.08,0.264,30.16667,"November 05, 07",0.00264
2007-11-06,30.2,30.55,30.13,30.5,15285600.0,15285600.0,-0.3,-0.993,30.39333,"November 06, 07",-0.00993
2007-11-07,30.45,30.5,29.97,29.98,14486800.0,14486800.0,0.47,1.544,30.15,"November 07, 07",0.01544
2007-11-08,30.36,30.82,29.95,30.74,26091200.0,26091200.0,-0.38,-1.252,30.50333,"November 08, 07",-0.01252
2007-11-09,30.75,30.88,30.32,30.42,18189800.0,18189800.0,0.33,1.073,30.54,"November 09, 07",0.01073
2007-11-12,30.32,30.43,29.9,29.93,16680200.0,16680200.0,0.39,1.286,30.08667,"November 12, 07",0.01286
2007-11-13,30.12,30.6,29.83,30.52,15326800.0,15326800.0,-0.4,-1.328,30.31667,"November 13, 07",-0.01328
2007-11-14,30.65,30.88,30.38,30.68,16542800.0,16542800.0,-0.03,-0.098,30.64667,"November 14, 07",-0.00098
2007-11-15,30.5,31.21,30.5,30.98,21229800.0,21229800.0,-0.48,-1.574,30.89667,"November 15, 07",-0.01574
2007-11-16,31.12,31.36,30.85,31.31,21454000.0,21454000.0,-0.19,-0.611,31.17333,"November 16, 07",-0.00611
2007-11-19,31.25,31.28,31.0,31.15,16893400.0,16893400.0,0.1,0.32,31.14333,"November 19, 07",0.0032
2007-11-20,31.26,31.55,31.05,31.4,21572400.0,21572400.0,-0.14,-0.448,31.33333,"November 20, 07",-0.00448
2007-11-21,31.4,31.73,31.07,31.13,18067800.0,18067800.0,0.27,0.86,31.31,"November 21, 07",0.0086
2007-11-23,31.27,31.38,30.96,31.15,9446000.0,9446000.0,0.12,0.384,31.16333,"November 23, 07",0.00384
2007-11-26,31.17,31.43,30.8,30.87,16760800.0,16760800.0,0.3,0.962,31.03333,"November 26, 07",0.00962
2007-11-27,30.98,31.66,30.84,31.49,21048000.0,21048000.0,-0.51,-1.646,31.33,"November 27, 07",-0.01646
2007-11-28,31.61,31.61,31.25,31.5,25499000.0,25499000.0,0.11,0.348,31.45333,"November 28, 07",0.00348
2007-11-29,31.46,31.58,31.31,31.4,15031600.0,15031600.0,0.06,0.191,31.43,"November 29, 07",0.00191
2007-11-30,31.55,31.55,30.86,31.05,21684200.0,21684200.0,0.5,1.585,31.15333,"November 30, 07",0.01585
2007-12-03,31.05,31.5,30.98,31.1,17112000.0,17112000.0,-0.05,-0.161,31.19333,"December 03, 07",-0.00161
2007-12-04,30.98,31.47,30.75,31.38,16878600.0,16878600.0,-0.4,-1.291,31.2,"December 04, 07",-0.01291
2007-12-05,31.42,31.53,31.23,31.53,14622000.0,14622000.0,-0.11,-0.35,31.43,"December 05, 07",-0.0035
2007-12-06,31.46,31.58,31.19,31.54,15824600.0,15824600.0,-0.08,-0.254,31.43667,"December 06, 07",-0.00254
2007-12-07,31.53,31.88,31.53,31.58,13413800.0,13413800.0,-0.05,-0.159,31.66333,"December 07, 07",-0.00159
2007-12-10,31.54,31.75,31.44,31.64,8487800.0,8487800.0,-0.1,-0.317,31.61,"December 10, 07",-0.00317
2007-12-11,31.62,31.95,31.47,31.49,17336600.0,17336600.0,0.13,0.411,31.63667,"December 11, 07",0.00411
2007-12-12,31.62,32.03,31.48,31.89,23241400.0,23241400.0,-0.27,-0.854,31.8,"December 12, 07",-0.00854
2007-12-13,31.79,32.07,31.69,32.04,12418200.0,12418200.0,-0.25,-0.786,31.93333,"December 13, 07",-0.00786
2007-12-14,31.88,32.16,31.87,31.91,19006000.0,19006000.0,-0.03,-0.094,31.98,"December 14, 07",-0.00094
2007-12-17,32.0,32.08,31.14,31.24,23869200.0,23869200.0,0.76,2.375,31.48667,"December 17, 07",0.02375
2007-12-18,31.4,31.41,30.94,31.11,23756400.0,23756400.0,0.29,0.924,31.15333,"December 18, 07",0.00924
2007-12-19,31.1,31.5,31.05,31.42,14402000.0,14402000.0,-0.32,-1.029,31.32333,"December 19, 07",-0.01029
2007-12-20,31.38,31.48,30.95,31.14,15065400.0,15065400.0,0.24,0.765,31.19,"December 20, 07",0.00765
2007-12-21,31.25,31.74,31.15,31.54,25318800.0,25318800.0,-0.29,-0.928,31.47667,"December 21, 07",-0.00928
2007-12-24,31.52,31.73,31.4,31.61,4593800.0,4593800.0,-0.09,-0.286,31.58,"December 24, 07",-0.00286
2007-12-26,31.73,31.73,31.38,31.5,9484400.0,9484400.0,0.23,0.725,31.53667,"December 26, 07",0.00725
2007-12-27,31.45,31.6,31.11,31.15,7729800.0,7729800.0,0.3,0.954,31.28667,"December 27, 07",0.00954
2007-12-28,31.16,31.38,31.0,31.14,8346400.0,8346400.0,0.02,0.064,31.17333,"December 28, 07",0.00064
2007-12-31,31.03,31.1,30.61,30.68,11729200.0,11729200.0,0.35,1.128,30.79667,"December 31, 07",0.01128
2008-01-02,30.73,30.79,30.37,30.55,15453800.0,15453800.0,0.18,0.586,30.57,"January 02, 08",0.00586
2008-01-03,30.58,31.05,30.54,30.87,13902600.0,13902600.0,-0.29,-0.948,30.82,"January 03, 08",-0.00948
2008-01-04,30.84,31.36,30.83,30.92,18027400.0,18027400.0,-0.08,-0.259,31.03667,"January 04, 08",-0.00259
2008-01-07,31.05,31.72,30.95,31.66,23782000.0,23782000.0,-0.61,-1.965,31.44333,"January 07, 08",-0.01965
2008-01-08,31.8,32.2,31.66,31.79,20883200.0,20883200.0,0.01,0.031,31.88333,"January 08, 08",0.00031
2008-01-09,31.81,32.65,31.8,32.63,35949600.0,35949600.0,-0.82,-2.578,32.36,"January 09, 08",-0.02578
2008-01-10,32.5,32.79,32.36,32.78,28944200.0,28944200.0,-0.28,-0.862,32.64333,"January 10, 08",-0.00862
2008-01-11,32.69,32.69,31.73,31.89,32147800.0,32147800.0,0.8,2.447,32.10333,"January 11, 08",0.02447
2008-01-14,31.88,32.26,31.88,32.15,22931400.0,22931400.0,-0.27,-0.847,32.09667,"January 14, 08",-0.00847
2008-01-15,31.82,32.1,31.78,31.81,22999400.0,22999400.0,0.01,0.031,31.89667,"January 15, 08",0.00031
2008-01-16,31.64,31.92,31.24,31.33,25334000.0,25334000.0,0.31,0.98,31.49667,"January 16, 08",0.0098
2008-01-17,31.63,31.66,30.95,31.02,37273000.0,37273000.0,0.61,1.929,31.21,"January 17, 08",0.01929
2008-01-18,31.17,31.23,30.08,30.37,33758200.0,33758200.0,0.8,2.567,30.56,"January 18, 08",0.02567
2008-01-22,29.37,29.7,28.86,29.4,37369800.0,37369800.0,-0.03,-0.102,29.32,"January 22, 08",-0.00102
2008-01-23,28.76,29.47,28.25,29.43,32257400.0,32257400.0,-0.67,-2.33,29.05,"January 23, 08",-0.0233
2008-01-24,29.58,30.01,29.47,29.94,30700600.0,30700600.0,-0.36,-1.217,29.80667,"January 24, 08",-0.01217
2008-01-25,30.17,30.17,29.12,29.21,25926400.0,25926400.0,0.96,3.182,29.5,"January 25, 08",0.03182
2008-01-28,29.18,29.71,29.03,29.71,18341400.0,18341400.0,-0.53,-1.816,29.48333,"January 28, 08",-0.01816
2008-01-29,29.83,29.83,29.14,29.28,26833600.0,26833600.0,0.55,1.844,29.41667,"January 29, 08",0.01844
2008-01-30,29.25,29.42,28.78,28.89,23066800.0,23066800.0,0.36,1.231,29.03,"January 30, 08",0.01231
2008-01-31,28.65,29.68,28.62,29.5,24041800.0,24041800.0,-0.85,-2.967,29.26667,"January 31, 08",-0.02967
2008-02-01,29.65,29.99,29.25,29.63,16520200.0,16520200.0,0.02,0.067,29.62333,"February 01, 08",0.00067
2008-02-04,29.71,29.73,29.24,29.32,15315800.0,15315800.0,0.39,1.313,29.43,"February 04, 08",0.01313
2008-02-05,29.24,29.25,28.66,28.7,24709600.0,24709600.0,0.54,1.847,28.87,"February 05, 08",0.01847
2008-02-06,28.95,29.09,28.79,28.86,16816400.0,16816400.0,0.09,0.311,28.91333,"February 06, 08",0.00311
2008-02-07,28.92,29.34,28.92,29.23,23313200.0,23313200.0,-0.31,-1.072,29.16333,"February 07, 08",-0.01072
2008-02-08,29.55,29.89,29.5,29.63,20221800.0,20221800.0,-0.08,-0.271,29.67333,"February 08, 08",-0.00271
2008-02-11,29.67,29.85,29.4,29.75,13635800.0,13635800.0,-0.08,-0.27,29.66667,"February 11, 08",-0.0027
2008-02-12,29.9,30.25,29.83,29.96,23823800.0,23823800.0,-0.06,-0.201,30.01333,"February 12, 08",-0.00201
2008-02-13,30.23,30.23,29.5,29.7,29032000.0,29032000.0,0.53,1.753,29.81,"February 13, 08",0.01753
2008-02-14,29.76,29.84,29.2,29.28,25045400.0,25045400.0,0.48,1.613,29.44,"February 14, 08",0.01613
2008-02-15,29.22,29.41,29.0,29.38,20761400.0,20761400.0,-0.16,-0.548,29.26333,"February 15, 08",-0.00548
2008-02-19,29.5,29.53,28.99,29.05,17218000.0,17218000.0,0.45,1.525,29.19,"February 19, 08",0.01525
2008-02-20,29.04,29.14,28.78,29.12,14832000.0,14832000.0,-0.08,-0.275,29.01333,"February 20, 08",-0.00275
2008-02-21,29.16,29.28,28.87,29.0,17465200.0,17465200.0,0.16,0.549,29.05,"February 21, 08",0.00549
2008-02-22,29.0,29.17,28.7,29.13,14768400.0,14768400.0,-0.13,-0.448,29.0,"February 22, 08",-0.00448
2008-02-25,29.1,29.54,29.1,29.39,16020800.0,16020800.0,-0.29,-0.997,29.34333,"February 25, 08",-0.00997
2008-02-26,29.3,29.8,29.16,29.76,16807800.0,16807800.0,-0.46,-1.57,29.57333,"February 26, 08",-0.0157
2008-02-27,29.64,30.21,29.64,30.03,19804800.0,19804800.0,-0.39,-1.316,29.96,"February 27, 08",-0.01316
2008-02-28,30.0,30.06,29.58,29.73,15436000.0,15436000.0,0.27,0.9,29.79,"February 28, 08",0.009
2008-02-29,29.55,29.67,29.09,29.23,15967400.0,15967400.0,0.32,1.083,29.33,"February 29, 08",0.01083
2008-03-03,29.17,29.58,29.17,29.51,12492600.0,12492600.0,-0.34,-1.166,29.42,"March 03, 08",-0.01166
2008-03-04,29.3,29.79,29.26,29.68,20105800.0,20105800.0,-0.38,-1.297,29.57667,"March 04, 08",-0.01297
2008-03-05,29.62,30.0,29.51,29.84,16079400.0,16079400.0,-0.22,-0.743,29.78333,"March 05, 08",-0.00743
2008-03-06,29.75,29.92,29.51,29.55,14563200.0,14563200.0,0.2,0.672,29.66,"March 06, 08",0.00672
2008-03-07,29.38,29.7,29.25,29.42,18332600.0,18332600.0,-0.04,-0.136,29.45667,"March 07, 08",-0.00136
2008-03-10,29.42,29.67,29.33,29.33,18909600.0,18909600.0,0.09,0.306,29.44333,"March 10, 08",0.00306
2008-03-11,29.5,29.84,29.43,29.74,29836200.0,29836200.0,-0.24,-0.814,29.67,"March 11, 08",-0.00814
2008-03-12,29.58,29.75,29.48,29.59,22601200.0,22601200.0,-0.01,-0.034,29.60667,"March 12, 08",-0.00034
2008-03-13,29.34,29.55,29.16,29.47,17542000.0,17542000.0,-0.13,-0.443,29.39333,"March 13, 08",-0.00443
2008-03-14,29.47,29.47,28.57,28.76,26531400.0,26531400.0,0.71,2.409,28.93333,"March 14, 08",0.02409
2008-03-17,28.45,29.01,28.38,28.84,21630200.0,21630200.0,-0.39,-1.371,28.74333,"March 17, 08",-0.01371
2008-03-18,29.1,29.71,28.97,29.71,18364800.0,18364800.0,-0.61,-2.096,29.46333,"March 18, 08",-0.02096
2008-03-19,29.68,30.42,29.68,29.98,23258600.0,23258600.0,-0.3,-1.011,30.02667,"March 19, 08",-0.01011
2008-03-20,30.08,30.57,30.02,30.52,31028600.0,31028600.0,-0.44,-1.463,30.37,"March 20, 08",-0.01463
2008-03-24,30.63,30.75,30.27,30.59,14037600.0,14037600.0,0.04,0.131,30.53667,"March 24, 08",0.00131
2008-03-25,30.59,30.91,30.54,30.71,15298200.0,15298200.0,-0.12,-0.392,30.72,"March 25, 08",-0.00392
2008-03-26,30.71,30.85,30.5,30.58,16547800.0,16547800.0,0.13,0.423,30.64333,"March 26, 08",0.00423
2008-03-27,30.68,30.95,30.61,30.66,16830400.0,16830400.0,0.02,0.065,30.74,"March 27, 08",0.00065
2008-03-28,30.79,30.8,30.44,30.47,13671600.0,13671600.0,0.32,1.039,30.57,"March 28, 08",0.01039
2008-03-31,30.4,30.6,30.32,30.43,18541400.0,18541400.0,-0.03,-0.099,30.45,"March 31, 08",-0.00099
2008-04-01,30.5,30.75,30.45,30.72,25873200.0,25873200.0,-0.22,-0.721,30.64,"April 01, 08",-0.00721
2008-04-02,30.68,30.68,30.11,30.23,18167000.0,18167000.0,0.45,1.467,30.34,"April 02, 08",0.01467
2008-04-03,30.15,30.45,30.13,30.28,16176200.0,16176200.0,-0.13,-0.431,30.28667,"April 03, 08",-0.00431
2008-04-04,30.26,30.47,30.1,30.13,15262800.0,15262800.0,0.13,0.43,30.23333,"April 04, 08",0.0043
2008-04-07,30.14,30.31,30.14,30.18,16193200.0,16193200.0,-0.04,-0.133,30.21,"April 07, 08",-0.00133
2008-04-08,30.14,30.29,29.93,30.25,19942800.0,19942800.0,-0.11,-0.365,30.15667,"April 08, 08",-0.00365
2008-04-09,30.25,30.42,30.16,30.39,12995600.0,12995600.0,-0.14,-0.463,30.32333,"April 09, 08",-0.00463
2008-04-10,30.44,30.74,30.24,30.67,14842200.0,14842200.0,-0.23,-0.756,30.55,"April 10, 08",-0.00756
2008-04-11,30.51,30.75,30.05,30.15,15567600.0,15567600.0,0.36,1.18,30.31667,"April 11, 08",0.0118
2008-04-14,30.2,30.67,30.08,30.5,20029600.0,20029600.0,-0.3,-0.993,30.41667,"April 14, 08",-0.00993
2008-04-15,30.51,30.61,30.21,30.47,23441800.0,23441800.0,0.04,0.131,30.43,"April 15, 08",0.00131
2008-04-16,30.88,30.92,30.27,30.58,23117600.0,23117600.0,0.3,0.972,30.59,"April 16, 08",0.00972
2008-04-17,30.5,30.69,30.27,30.34,16659800.0,16659800.0,0.16,0.525,30.43333,"April 17, 08",0.00525
2008-04-18,30.38,30.54,29.83,30.06,22254200.0,22254200.0,0.32,1.053,30.14333,"April 18, 08",0.01053
2008-04-21,29.96,30.22,29.83,30.17,12428800.0,12428800.0,-0.21,-0.701,30.07333,"April 21, 08",-0.00701
2008-04-22,30.11,30.2,29.85,29.95,17274000.0,17274000.0,0.16,0.531,30.0,"April 22, 08",0.00531
2008-04-23,29.88,30.2,29.88,30.16,18987200.0,18987200.0,-0.28,-0.937,30.08,"April 23, 08",-0.00937
2008-04-24,30.14,30.5,29.9,30.13,12836600.0,12836600.0,0.01,0.033,30.17667,"April 24, 08",0.00033
2008-04-25,30.13,30.25,29.48,29.67,18802400.0,18802400.0,0.46,1.527,29.8,"April 25, 08",0.01527
2008-04-28,29.67,29.95,29.43,29.49,16098000.0,16098000.0,0.18,0.607,29.62333,"April 28, 08",0.00607
2008-04-29,29.4,29.5,29.18,29.36,14869000.0,14869000.0,0.04,0.136,29.34667,"April 29, 08",0.00136
2008-04-30,29.36,29.89,29.34,29.43,23359200.0,23359200.0,-0.07,-0.238,29.55333,"April 30, 08",-0.00238
2008-05-01,29.31,29.58,29.2,29.55,15127600.0,15127600.0,-0.24,-0.819,29.44333,"May 01, 08",-0.00819
2008-05-02,29.55,29.75,29.3,29.39,16519000.0,16519000.0,0.16,0.541,29.48,"May 02, 08",0.00541
2008-05-05,29.39,29.49,29.07,29.19,14121400.0,14121400.0,0.2,0.681,29.25,"May 05, 08",0.00681
2008-05-06,29.13,29.19,28.94,29.14,13390400.0,13390400.0,-0.01,-0.034,29.09,"May 06, 08",-0.00034
2008-05-07,29.14,29.14,28.5,28.51,29866200.0,29866200.0,0.63,2.162,28.71667,"May 07, 08",0.02162
2008-05-08,28.67,28.79,28.03,28.15,28002800.0,28002800.0,0.52,1.814,28.32333,"May 08, 08",0.01814
2008-05-09,28.15,28.17,27.92,28.08,20830000.0,20830000.0,0.07,0.249,28.05667,"May 09, 08",0.00249
2008-05-12,28.09,28.23,28.0,28.2,17243400.0,17243400.0,-0.11,-0.392,28.14333,"May 12, 08",-0.00392
2008-05-13,28.15,28.38,28.14,28.25,20876800.0,20876800.0,-0.1,-0.355,28.25667,"May 13, 08",-0.00355
2008-05-14,28.32,28.5,28.09,28.27,20732200.0,20732200.0,0.05,0.177,28.28667,"May 14, 08",0.00177
2008-05-15,28.25,28.58,28.13,28.5,16503200.0,16503200.0,-0.25,-0.885,28.40333,"May 15, 08",-0.00885
2008-05-16,28.53,28.7,28.39,28.54,17961000.0,17961000.0,-0.01,-0.035,28.54333,"May 16, 08",-0.00035
2008-05-19,28.55,28.92,28.47,28.76,20009200.0,20009200.0,-0.21,-0.736,28.71667,"May 19, 08",-0.00736
2008-05-20,28.75,28.83,28.48,28.55,17955200.0,17955200.0,0.2,0.696,28.62,"May 20, 08",0.00696
2008-05-21,28.46,28.65,28.23,28.33,25203800.0,25203800.0,0.13,0.457,28.40333,"May 21, 08",0.00457
2008-05-22,28.34,29.21,28.26,29.14,25230600.0,25230600.0,-0.8,-2.823,28.87,"May 22, 08",-0.02823
2008-05-23,29.06,29.52,29.0,29.32,30583000.0,30583000.0,-0.26,-0.895,29.28,"May 23, 08",-0.00895
2008-05-27,29.28,29.35,29.06,29.3,15614200.0,15614200.0,-0.02,-0.068,29.23667,"May 27, 08",-0.00068
2008-05-28,29.42,29.42,28.67,28.72,24045600.0,24045600.0,0.7,2.379,28.93667,"May 28, 08",0.02379
2008-05-29,28.76,29.07,28.57,28.93,24705200.0,24705200.0,-0.17,-0.591,28.85667,"May 29, 08",-0.00591
2008-05-30,28.84,29.0,28.51,28.63,26831600.0,26831600.0,0.21,0.728,28.71333,"May 30, 08",0.00728
2008-06-02,28.53,28.68,28.23,28.5,19121200.0,19121200.0,0.03,0.105,28.47,"June 02, 08",0.00105
2008-06-03,28.43,28.63,28.15,28.2,18839800.0,18839800.0,0.23,0.809,28.32667,"June 03, 08",0.00809
2008-06-04,28.13,28.49,28.13,28.35,14971800.0,14971800.0,-0.22,-0.782,28.32333,"June 04, 08",-0.00782
2008-06-05,28.38,28.63,28.23,28.59,15701400.0,15701400.0,-0.21,-0.74,28.48333,"June 05, 08",-0.0074
2008-06-06,28.5,28.56,27.87,27.9,24947800.0,24947800.0,0.6,2.105,28.11,"June 06, 08",0.02105
2008-06-09,27.75,28.13,27.75,27.93,19351600.0,19351600.0,-0.18,-0.649,27.93667,"June 09, 08",-0.00649
2008-06-10,28.07,29.3,28.0,29.0,32680000.0,32680000.0,-0.93,-3.313,28.76667,"June 10, 08",-0.03313
2008-06-11,28.86,28.92,28.5,28.57,23459000.0,23459000.0,0.29,1.005,28.66333,"June 11, 08",0.01005
2008-06-12,28.66,28.8,28.38,28.57,19044000.0,19044000.0,0.09,0.314,28.58333,"June 12, 08",0.00314
2008-06-13,28.51,28.55,26.96,27.71,61756600.0,61756600.0,0.8,2.806,27.74,"June 13, 08",0.02806
2008-06-16,27.71,27.76,27.02,27.09,35384800.0,35384800.0,0.62,2.237,27.29,"June 16, 08",0.02237
2008-06-17,27.28,27.35,26.98,26.98,28668600.0,28668600.0,0.3,1.1,27.10333,"June 17, 08",0.011
2008-06-18,26.89,27.0,26.56,26.58,26037200.0,26037200.0,0.31,1.153,26.71333,"June 18, 08",0.01153
2008-06-19,26.7,26.8,26.5,26.68,25221200.0,25221200.0,0.02,0.075,26.66,"June 19, 08",0.00075
2008-06-20,26.54,26.95,26.47,26.83,33273000.0,33273000.0,-0.29,-1.093,26.75,"June 20, 08",-0.01093
2008-06-23,26.92,26.92,26.51,26.63,17910600.0,17910600.0,0.29,1.077,26.68667,"June 23, 08",0.01077
2008-06-24,26.5,26.76,26.32,26.68,21827400.0,21827400.0,-0.18,-0.679,26.58667,"June 24, 08",-0.00679
2008-06-25,26.73,27.29,26.7,27.05,23750600.0,23750600.0,-0.32,-1.197,27.01333,"June 25, 08",-0.01197
2008-06-26,26.96,27.31,26.57,26.61,30532200.0,30532200.0,0.35,1.298,26.83,"June 26, 08",0.01298
2008-06-27,26.58,26.62,25.92,25.92,35673200.0,35673200.0,0.66,2.483,26.15333,"June 27, 08",0.02483
2008-06-30,25.93,26.45,25.72,25.99,30142000.0,30142000.0,-0.06,-0.231,26.05333,"June 30, 08",-0.00231
2008-07-01,25.96,25.96,25.46,25.5,35340600.0,35340600.0,0.46,1.772,25.64,"July 01, 08",0.01772
2008-07-02,25.5,25.78,25.43,25.68,32505400.0,32505400.0,-0.18,-0.706,25.63,"July 02, 08",-0.00706
2008-07-03,25.68,25.88,25.59,25.74,14904400.0,14904400.0,-0.06,-0.234,25.73667,"July 03, 08",-0.00234
2008-07-07,25.83,25.89,25.5,25.65,23402400.0,23402400.0,0.18,0.697,25.68,"July 07, 08",0.00697
2008-07-08,25.54,25.84,25.5,25.74,26657400.0,26657400.0,-0.2,-0.783,25.69333,"July 08, 08",-0.00783
2008-07-09,25.82,25.82,25.43,25.45,23205400.0,23205400.0,0.37,1.433,25.56667,"July 09, 08",0.01433
2008-07-10,25.48,25.48,24.85,25.02,30312600.0,30312600.0,0.46,1.805,25.11667,"July 10, 08",0.01805
2008-07-11,24.83,25.25,24.76,25.14,26927400.0,26927400.0,-0.31,-1.248,25.05,"July 11, 08",-0.01248
2008-07-14,25.27,25.63,25.27,25.48,25123000.0,25123000.0,-0.21,-0.831,25.46,"July 14, 08",-0.00831
2008-07-15,25.33,26.0,25.3,25.9,38457400.0,38457400.0,-0.57,-2.25,25.73333,"July 15, 08",-0.0225
2008-07-16,25.94,26.3,25.63,26.17,27188400.0,27188400.0,-0.23,-0.887,26.03333,"July 16, 08",-0.00887
2008-07-17,25.6,25.68,24.85,25.17,79214400.0,79214400.0,0.43,1.68,25.23333,"July 17, 08",0.0168
2008-07-18,25.24,25.24,24.83,25.01,36493800.0,36493800.0,0.23,0.911,25.02667,"July 18, 08",0.00911
2008-07-21,25.05,25.05,24.72,24.8,21760400.0,21760400.0,0.25,0.998,24.85667,"July 21, 08",0.00998
2008-07-22,25.06,26.06,25.03,25.67,43142600.0,43142600.0,-0.61,-2.434,25.58667,"July 22, 08",-0.02434
2008-07-23,25.76,26.28,25.51,26.25,25824200.0,25824200.0,-0.49,-1.902,26.01333,"July 23, 08",-0.01902
2008-07-24,26.22,26.45,25.76,25.93,21340400.0,21340400.0,0.29,1.106,26.04667,"July 24, 08",0.01106
2008-07-25,26.13,26.13,25.76,26.03,16853600.0,16853600.0,0.1,0.383,25.97333,"July 25, 08",0.00383
2008-07-28,26.0,26.03,25.56,25.58,14040000.0,14040000.0,0.42,1.615,25.72333,"July 28, 08",0.01615
2008-07-29,25.61,25.91,25.56,25.79,16244800.0,16244800.0,-0.18,-0.703,25.75333,"July 29, 08",-0.00703
2008-07-30,25.92,26.0,25.5,25.66,19487000.0,19487000.0,0.26,1.003,25.72,"July 30, 08",0.01003
2008-07-31,25.75,25.92,25.61,25.75,21216800.0,21216800.0,0.0,0.0,25.76,"July 31, 08",0.0
2008-08-01,25.97,26.61,25.87,26.57,33156000.0,33156000.0,-0.6,-2.31,26.35,"August 01, 08",-0.0231
2008-08-04,26.56,27.04,26.45,26.95,22279000.0,22279000.0,-0.39,-1.468,26.81333,"August 04, 08",-0.01468
2008-08-05,27.05,27.5,27.03,27.46,25483200.0,25483200.0,-0.41,-1.516,27.33,"August 05, 08",-0.01516
2008-08-06,27.43,27.74,27.3,27.68,20380000.0,20380000.0,-0.25,-0.911,27.57333,"August 06, 08",-0.00911
2008-08-07,27.58,27.58,26.92,27.0,19928800.0,19928800.0,0.58,2.103,27.16667,"August 07, 08",0.02103
2008-08-08,27.0,27.76,26.86,27.71,19658200.0,19658200.0,-0.71,-2.63,27.44333,"August 08, 08",-0.0263
2008-08-11,27.57,27.92,27.42,27.67,14183600.0,14183600.0,-0.1,-0.363,27.67,"August 11, 08",-0.00363
2008-08-12,27.59,27.91,27.06,27.4,16690800.0,16690800.0,0.19,0.689,27.45667,"August 12, 08",0.00689
2008-08-13,27.28,27.72,27.2,27.61,19036800.0,19036800.0,-0.33,-1.21,27.51,"August 13, 08",-0.0121
2008-08-14,27.53,27.92,27.38,27.51,15411800.0,15411800.0,0.02,0.073,27.60333,"August 14, 08",0.00073
2008-08-15,27.61,27.81,27.38,27.53,23892000.0,23892000.0,0.08,0.29,27.57333,"August 15, 08",0.0029
2008-08-18,27.54,27.68,26.97,27.17,21137600.0,21137600.0,0.37,1.344,27.27333,"August 18, 08",0.01344
2008-08-19,27.12,27.3,26.99,27.17,16564200.0,16564200.0,-0.05,-0.184,27.15333,"August 19, 08",-0.00184
2008-08-20,27.28,27.37,26.95,27.17,11033200.0,11033200.0,0.11,0.403,27.16333,"August 20, 08",0.00403
2008-08-21,27.09,27.12,26.61,26.75,11670800.0,11670800.0,0.34,1.255,26.82667,"August 21, 08",0.01255
2008-08-22,26.81,27.25,26.71,27.18,14812600.0,14812600.0,-0.37,-1.38,27.04667,"August 22, 08",-0.0138
2008-08-25,27.07,27.3,26.68,26.79,12329200.0,12329200.0,0.28,1.034,26.92333,"August 25, 08",0.01034
2008-08-26,26.79,26.95,26.58,26.76,9461400.0,9461400.0,0.03,0.112,26.76333,"August 26, 08",0.00112
2008-08-27,26.8,27.0,26.61,26.9,13595400.0,13595400.0,-0.1,-0.373,26.83667,"August 27, 08",-0.00373
2008-08-28,26.63,26.79,26.45,26.56,20861000.0,20861000.0,0.07,0.263,26.6,"August 28, 08",0.00263
2008-08-29,26.55,26.55,26.02,26.04,17841200.0,17841200.0,0.51,1.921,26.20333,"August 29, 08",0.01921
2008-09-02,26.11,26.48,25.96,25.98,25723800.0,25723800.0,0.13,0.498,26.14,"September 02, 08",0.00498
2008-09-03,25.83,26.02,25.64,25.83,22448800.0,22448800.0,0.0,0.0,25.83,"September 03, 08",0.0
2008-09-04,25.87,26.14,25.6,25.86,25899000.0,25899000.0,0.01,0.039,25.86667,"September 04, 08",0.00039
2008-09-05,25.84,26.06,25.74,25.97,18284200.0,18284200.0,-0.13,-0.503,25.92333,"September 05, 08",-0.00503
2008-09-08,26.36,26.76,26.15,26.69,22306800.0,22306800.0,-0.33,-1.252,26.53333,"September 08, 08",-0.01252
2008-09-09,26.58,27.26,26.58,26.94,29463600.0,29463600.0,-0.36,-1.354,26.92667,"September 09, 08",-0.01354
2008-09-10,27.04,27.05,26.66,26.91,24609000.0,24609000.0,0.13,0.481,26.87333,"September 10, 08",0.00481
2008-09-11,26.59,27.29,26.53,27.08,27409200.0,27409200.0,-0.49,-1.843,26.96667,"September 11, 08",-0.01843
2008-09-12,26.92,27.28,26.78,27.25,20364200.0,20364200.0,-0.33,-1.226,27.10333,"September 12, 08",-0.01226
2008-09-15,26.88,27.89,26.77,27.38,32162400.0,32162400.0,-0.5,-1.86,27.34667,"September 15, 08",-0.0186
2008-09-16,27.01,27.51,26.85,27.42,32829400.0,32829400.0,-0.41,-1.518,27.26,"September 16, 08",-0.01518
2008-09-17,27.28,27.45,26.33,26.33,37536000.0,37536000.0,0.95,3.482,26.70333,"September 17, 08",0.03482
2008-09-18,26.61,27.02,26.05,26.7,40347200.0,40347200.0,-0.09,-0.338,26.59,"September 18, 08",-0.00338
2008-09-19,27.38,27.38,25.06,26.36,47807400.0,47807400.0,1.02,3.725,26.26667,"September 19, 08",0.03725
2008-09-22,26.25,26.33,25.66,25.69,23355200.0,23355200.0,0.56,2.133,25.89333,"September 22, 08",0.02133
2008-09-23,25.72,26.17,25.29,25.34,25686000.0,25686000.0,0.38,1.477,25.6,"September 23, 08",0.01477
2008-09-24,25.5,25.55,24.93,25.09,21740600.0,21740600.0,0.41,1.608,25.19,"September 24, 08",0.01608
2008-09-25,25.2,26.12,25.18,25.73,26174800.0,26174800.0,-0.53,-2.103,25.67667,"September 25, 08",-0.02103
2008-09-26,25.47,26.33,25.42,26.24,27516800.0,27516800.0,-0.77,-3.023,25.99667,"September 26, 08",-0.03023
2008-09-29,26.04,26.48,25.21,25.51,39031200.0,39031200.0,0.53,2.035,25.73333,"September 29, 08",0.02035
2008-09-30,25.91,26.45,25.5,26.44,35193200.0,35193200.0,-0.53,-2.046,26.13,"September 30, 08",-0.02046
2008-10-01,26.31,27.14,26.26,27.08,29096400.0,29096400.0,-0.77,-2.927,26.82667,"October 01, 08",-0.02927
2008-10-02,26.53,27.14,26.45,26.8,30669000.0,30669000.0,-0.27,-1.018,26.79667,"October 02, 08",-0.01018
2008-10-03,26.89,27.5,26.2,26.29,27695800.0,27695800.0,0.6,2.231,26.66333,"October 03, 08",0.02231
2008-10-06,25.67,26.15,24.36,25.46,46243600.0,46243600.0,0.21,0.818,25.32333,"October 06, 08",0.00818
2008-10-07,25.65,25.78,24.54,24.65,34820200.0,34820200.0,1.0,3.899,24.99,"October 07, 08",0.03899
2008-10-08,24.33,24.8,23.23,23.71,49084200.0,49084200.0,0.62,2.548,23.91333,"October 08, 08",0.02548
2008-10-09,23.79,23.82,21.65,21.65,46288400.0,46288400.0,2.14,8.995,22.37333,"October 09, 08",0.08995
2008-10-10,21.03,22.53,20.15,20.75,73567200.0,73567200.0,0.28,1.331,21.14333,"October 10, 08",0.01331
2008-10-13,21.72,23.76,21.61,23.63,50478400.0,50478400.0,-1.91,-8.794,23.0,"October 13, 08",-0.08794
2008-10-14,23.55,23.55,21.33,21.87,57665600.0,57665600.0,1.68,7.134,22.25,"October 14, 08",0.07134
2008-10-15,23.42,23.67,21.96,22.11,56256000.0,56256000.0,1.31,5.594,22.58,"October 15, 08",0.05594
2008-10-16,22.4,22.96,21.07,22.89,53069400.0,53069400.0,-0.49,-2.188,22.30667,"October 16, 08",-0.02188
2008-10-17,22.48,23.08,21.46,22.1,42030000.0,42030000.0,0.38,1.69,22.21333,"October 17, 08",0.0169
2008-10-20,22.55,23.43,22.26,23.23,27773000.0,27773000.0,-0.68,-3.016,22.97333,"October 20, 08",-0.03016
2008-10-21,23.18,23.57,23.0,23.01,21927000.0,21927000.0,0.17,0.733,23.19333,"October 21, 08",0.00733
2008-10-22,22.8,23.11,22.11,22.69,31891200.0,31891200.0,0.11,0.482,22.63667,"October 22, 08",0.00482
2008-10-23,22.8,22.8,20.75,21.53,56321200.0,56321200.0,1.27,5.57,21.69333,"October 23, 08",0.0557
2008-10-24,20.5,21.5,20.5,20.81,40797600.0,40797600.0,-0.31,-1.512,20.93667,"October 24, 08",-0.01512
2008-10-27,20.58,21.61,20.5,20.5,29412000.0,29412000.0,0.08,0.389,20.87,"October 27, 08",0.00389
2008-10-28,20.78,22.66,20.56,22.63,36079600.0,36079600.0,-1.85,-8.903,21.95,"October 28, 08",-0.08903
2008-10-29,22.3,22.9,21.75,21.92,29859200.0,29859200.0,0.38,1.704,22.19,"October 29, 08",0.01704
2008-10-30,22.47,22.75,21.93,22.33,25942200.0,25942200.0,0.14,0.623,22.33667,"October 30, 08",0.00623
2008-10-31,22.57,23.0,21.75,22.03,31870200.0,31870200.0,0.54,2.393,22.26,"October 31, 08",0.02393
2008-11-03,22.25,22.83,22.08,22.73,18576200.0,18576200.0,-0.48,-2.157,22.54667,"November 03, 08",-0.02157
2008-11-04,23.35,23.5,22.81,23.01,23774200.0,23774200.0,0.34,1.456,23.10667,"November 04, 08",0.01456
2008-11-05,22.86,23.22,22.3,22.37,23496800.0,23496800.0,0.49,2.143,22.63,"November 05, 08",0.02143
2008-11-06,22.38,22.73,21.93,22.25,34002800.0,34002800.0,0.13,0.581,22.30333,"November 06, 08",0.00581
2008-11-07,22.42,23.46,22.25,23.13,29180800.0,29180800.0,-0.71,-3.167,22.94667,"November 07, 08",-0.03167
2008-11-10,23.43,23.65,22.56,22.95,22561600.0,22561600.0,0.48,2.049,23.05333,"November 10, 08",0.02049
2008-11-11,22.8,22.89,21.97,22.22,27487000.0,27487000.0,0.58,2.544,22.36,"November 11, 08",0.02544
2008-11-12,21.84,22.29,21.41,21.92,35027800.0,35027800.0,-0.08,-0.366,21.87333,"November 12, 08",-0.00366
2008-11-13,21.92,23.18,21.66,23.14,37546800.0,37546800.0,-1.22,-5.566,22.66,"November 13, 08",-0.05566
2008-11-14,22.8,23.59,22.49,22.51,33382200.0,33382200.0,0.29,1.272,22.86333,"November 14, 08",0.01272
2008-11-17,22.31,22.47,21.6,21.99,30672000.0,30672000.0,0.32,1.434,22.02,"November 17, 08",0.01434
2008-11-18,21.66,21.88,21.01,21.75,38923200.0,38923200.0,-0.09,-0.416,21.54667,"November 18, 08",-0.00416
2008-11-19,21.83,22.3,21.11,21.14,32379800.0,32379800.0,0.69,3.161,21.51667,"November 19, 08",0.03161
2008-11-20,21.0,21.88,20.5,20.54,42268800.0,42268800.0,0.46,2.19,20.97333,"November 20, 08",0.0219
2008-11-21,20.82,22.15,20.25,22.0,50104800.0,50104800.0,-1.18,-5.668,21.46667,"November 21, 08",-0.05668
2008-11-24,22.25,23.06,21.85,22.62,36720800.0,36720800.0,-0.37,-1.663,22.51,"November 24, 08",-0.01663
2008-11-25,22.92,23.25,22.13,22.54,32370600.0,32370600.0,0.38,1.658,22.64,"November 25, 08",0.01658
2008-11-26,22.13,22.73,21.88,22.69,21349000.0,21349000.0,-0.56,-2.531,22.43333,"November 26, 08",-0.02531
2008-11-28,22.6,23.46,22.6,23.43,12565600.0,12565600.0,-0.83,-3.673,23.16333,"November 28, 08",-0.03673
2008-12-01,23.09,23.25,22.15,22.17,25153200.0,25153200.0,0.92,3.984,22.52333,"December 01, 08",0.03984
2008-12-02,22.51,22.51,21.47,21.97,28670000.0,28670000.0,0.54,2.399,21.98333,"December 02, 08",0.02399
2008-12-03,21.83,23.2,21.75,23.07,39894200.0,39894200.0,-1.24,-5.68,22.67333,"December 03, 08",-0.0568
2008-12-04,22.79,23.29,22.11,22.38,32059200.0,32059200.0,0.41,1.799,22.59333,"December 04, 08",0.01799
2008-12-05,22.17,23.05,21.71,22.99,28276200.0,28276200.0,-0.82,-3.699,22.58333,"December 05, 08",-0.03699
2008-12-08,23.25,23.53,22.72,22.99,26908400.0,26908400.0,0.26,1.118,23.08,"December 08, 08",0.01118
2008-12-09,22.76,23.28,22.19,22.42,26635000.0,26635000.0,0.34,1.494,22.63,"December 09, 08",0.01494
2008-12-10,22.24,22.94,22.24,22.66,29363800.0,29363800.0,-0.42,-1.888,22.61333,"December 10, 08",-0.01888
2008-12-11,22.59,22.82,21.95,22.11,33283400.0,33283400.0,0.48,2.125,22.29333,"December 11, 08",0.02125
2008-12-12,21.88,22.32,21.5,22.29,30458000.0,30458000.0,-0.41,-1.874,22.03667,"December 12, 08",-0.01874
2008-12-15,22.44,22.64,21.92,22.49,20399200.0,20399200.0,-0.05,-0.223,22.35,"December 15, 08",-0.00223
2008-12-16,22.64,23.4,22.37,23.23,35063000.0,35063000.0,-0.59,-2.606,23.0,"December 16, 08",-0.02606
2008-12-17,23.04,23.23,22.5,22.74,26407400.0,26407400.0,0.3,1.302,22.82333,"December 17, 08",0.01302
2008-12-18,23.04,23.23,22.39,22.59,31094400.0,31094400.0,0.45,1.953,22.73667,"December 18, 08",0.01953
2008-12-19,22.73,23.0,22.09,22.22,50547600.0,50547600.0,0.51,2.244,22.43667,"December 19, 08",0.02244
2008-12-22,22.37,22.41,22.0,22.33,22376800.0,22376800.0,0.04,0.179,22.24667,"December 22, 08",0.00179
2008-12-23,22.37,22.57,21.93,21.99,20176200.0,20176200.0,0.38,1.699,22.16333,"December 23, 08",0.01699
2008-12-24,22.03,22.17,22.0,22.05,5316600.0,5316600.0,-0.02,-0.091,22.07333,"December 24, 08",-0.00091
2008-12-26,22.21,22.47,22.14,22.29,9626600.0,9626600.0,-0.08,-0.36,22.3,"December 26, 08",-0.0036
2008-12-29,22.43,22.43,21.86,22.21,13950600.0,13950600.0,0.22,0.981,22.16667,"December 29, 08",0.00981
2008-12-30,22.31,22.57,22.27,22.47,16001800.0,16001800.0,-0.16,-0.717,22.43667,"December 30, 08",-0.00717
2008-12-31,22.58,22.75,22.53,22.64,15550400.0,15550400.0,-0.06,-0.266,22.64,"December 31, 08",-0.00266
2009-01-02,22.7,23.0,22.52,22.95,16355800.0,16355800.0,-0.25,-1.101,22.82333,"January 02, 09",-0.01101
2009-01-05,22.79,22.95,22.59,22.72,20237200.0,20237200.0,0.07,0.307,22.75333,"January 05, 09",0.00307
2009-01-06,22.85,22.99,22.23,22.36,21307800.0,21307800.0,0.49,2.144,22.52667,"January 06, 09",0.02144
2009-01-07,22.11,22.59,22.11,22.47,21581000.0,21581000.0,-0.36,-1.628,22.39,"January 07, 09",-0.01628
2009-01-08,22.42,22.64,22.28,22.62,20087000.0,20087000.0,-0.2,-0.892,22.51333,"January 08, 09",-0.00892
2009-01-09,22.62,22.63,22.13,22.3,19802400.0,19802400.0,0.32,1.415,22.35333,"January 09, 09",0.01415
2009-01-12,22.23,22.33,21.75,21.87,20469800.0,20469800.0,0.36,1.619,21.98333,"January 12, 09",0.01619
2009-01-13,21.9,22.16,21.81,22.01,22602400.0,22602400.0,-0.11,-0.502,21.99333,"January 13, 09",-0.00502
2009-01-14,21.75,21.76,21.14,21.31,27053600.0,27053600.0,0.44,2.023,21.40333,"January 14, 09",0.02023
2009-01-15,21.29,21.7,21.2,21.68,28061600.0,28061600.0,-0.39,-1.832,21.52667,"January 15, 09",-0.01832
2009-01-16,21.95,22.24,21.74,21.92,28353200.0,28353200.0,0.03,0.137,21.96667,"January 16, 09",0.00137
2009-01-20,21.89,22.25,21.44,21.44,28331800.0,28331800.0,0.45,2.056,21.71,"January 20, 09",0.02056
2009-01-21,21.7,21.73,21.08,21.65,23800600.0,23800600.0,0.05,0.23,21.48667,"January 21, 09",0.0023
2009-01-22,21.32,21.62,21.15,21.56,23489400.0,23489400.0,-0.24,-1.126,21.44333,"January 22, 09",-0.01126
2009-01-23,21.33,21.33,20.78,21.1,31255800.0,31255800.0,0.23,1.078,21.07,"January 23, 09",0.01078
2009-01-26,21.15,21.69,21.06,21.51,25210800.0,25210800.0,-0.36,-1.702,21.42,"January 26, 09",-0.01702
2009-01-27,21.64,21.97,21.5,21.67,19822800.0,19822800.0,-0.03,-0.139,21.71333,"January 27, 09",-0.00139
2009-01-28,22.0,22.0,21.63,21.93,18563600.0,18563600.0,0.07,0.318,21.85333,"January 28, 09",0.00318
2009-01-29,21.85,22.25,21.67,21.78,21258400.0,21258400.0,0.07,0.32,21.9,"January 29, 09",0.0032
2009-01-30,21.72,21.84,21.26,21.36,22607400.0,22607400.0,0.36,1.657,21.48667,"January 30, 09",0.01657
2009-02-02,21.11,21.25,20.76,21.12,15966800.0,15966800.0,-0.01,-0.047,21.04333,"February 02, 09",-0.00047
2009-02-03,21.25,21.75,20.99,21.66,17950000.0,17950000.0,-0.41,-1.929,21.46667,"February 03, 09",-0.01929
2009-02-04,21.67,21.78,21.14,21.2,18307000.0,18307000.0,0.47,2.169,21.37333,"February 04, 09",0.02169
2009-02-05,21.11,21.45,20.96,21.34,22119800.0,22119800.0,-0.23,-1.09,21.25,"February 05, 09",-0.0109
2009-02-06,21.37,21.84,21.33,21.78,18722400.0,18722400.0,-0.41,-1.919,21.65,"February 06, 09",-0.01919
2009-02-09,21.66,21.68,21.0,21.16,19688400.0,19688400.0,0.5,2.308,21.28,"February 09, 09",0.02308
2009-02-10,21.0,21.16,20.14,20.33,45488000.0,45488000.0,0.67,3.19,20.54333,"February 10, 09",0.0319
2009-02-11,20.48,20.8,20.48,20.64,21237400.0,21237400.0,-0.16,-0.781,20.64,"February 11, 09",-0.00781
2009-02-12,21.33,22.23,21.08,22.2,61226200.0,61226200.0,-0.87,-4.079,21.83667,"February 12, 09",-0.04079
2009-02-13,22.1,22.19,21.84,21.92,22736400.0,22736400.0,0.18,0.814,21.98333,"February 13, 09",0.00814
2009-02-17,21.5,21.59,21.22,21.3,26421200.0,26421200.0,0.2,0.93,21.37,"February 17, 09",0.0093
2009-02-18,21.39,21.52,21.13,21.34,18108200.0,18108200.0,0.05,0.234,21.33,"February 18, 09",0.00234
2009-02-19,21.56,21.86,21.34,21.65,19813000.0,19813000.0,-0.09,-0.417,21.61667,"February 19, 09",-0.00417
2009-02-20,21.49,21.74,21.19,21.42,30173200.0,30173200.0,0.07,0.326,21.45,"February 20, 09",0.00326
2009-02-23,21.51,21.59,20.96,21.05,23461400.0,23461400.0,0.46,2.139,21.2,"February 23, 09",0.02139
2009-02-24,21.36,21.6,21.09,21.53,26216000.0,26216000.0,-0.17,-0.796,21.40667,"February 24, 09",-0.00796
2009-02-25,21.47,21.64,21.08,21.18,26349400.0,26349400.0,0.29,1.351,21.3,"February 25, 09",0.01351
2009-02-26,21.39,21.39,20.5,20.54,21334000.0,21334000.0,0.85,3.974,20.81,"February 26, 09",0.03974
2009-02-27,20.48,20.65,20.23,20.42,35448000.0,35448000.0,0.06,0.293,20.43333,"February 27, 09",0.00293
2009-03-02,20.23,20.36,19.81,19.84,31199000.0,31199000.0,0.39,1.928,20.00333,"March 02, 09",0.01928
2009-03-03,19.91,20.15,19.38,19.42,37264600.0,37264600.0,0.49,2.461,19.65,"March 03, 09",0.02461
2009-03-04,19.63,20.16,19.42,19.87,33883400.0,33883400.0,-0.24,-1.223,19.81667,"March 04, 09",-0.01223
2009-03-05,19.58,19.72,18.72,18.92,36464600.0,36464600.0,0.66,3.371,19.12,"March 05, 09",0.03371
2009-03-06,19.08,19.61,19.05,19.55,33002400.0,33002400.0,-0.47,-2.463,19.40333,"March 06, 09",-0.02463
2009-03-09,19.74,19.93,19.37,19.38,35127400.0,35127400.0,0.36,1.824,19.56,"March 09, 09",0.01824
2009-03-10,19.82,19.83,19.33,19.58,35181400.0,35181400.0,0.24,1.211,19.58,"March 10, 09",0.01211
2009-03-11,19.58,19.98,19.53,19.79,27254000.0,27254000.0,-0.21,-1.073,19.76667,"March 11, 09",-0.01073
2009-03-12,19.79,20.43,19.67,20.42,25473600.0,25473600.0,-0.63,-3.183,20.17333,"March 12, 09",-0.03183
2009-03-13,20.54,20.73,20.22,20.61,24396800.0,24396800.0,-0.07,-0.341,20.52,"March 13, 09",-0.00341
2009-03-16,20.73,21.0,20.56,20.64,23204000.0,23204000.0,0.09,0.434,20.73333,"March 16, 09",0.00434
2009-03-17,20.67,20.83,20.41,20.73,20241600.0,20241600.0,-0.06,-0.29,20.65667,"March 17, 09",-0.0029
2009-03-18,20.65,21.13,20.5,20.83,28792800.0,28792800.0,-0.18,-0.872,20.82,"March 18, 09",-0.00872
2009-03-19,20.92,21.13,20.9,21.09,22777600.0,22777600.0,-0.17,-0.813,21.04,"March 19, 09",-0.00813
2009-03-20,21.16,21.57,21.16,21.32,38328800.0,38328800.0,-0.16,-0.756,21.35,"March 20, 09",-0.00756
2009-03-23,21.58,22.07,21.5,22.07,26501400.0,26501400.0,-0.49,-2.271,21.88,"March 23, 09",-0.02271
2009-03-24,21.8,22.17,21.71,22.01,21878800.0,21878800.0,-0.21,-0.963,21.96333,"March 24, 09",-0.00963
2009-03-25,22.2,22.45,22.01,22.38,24485400.0,24485400.0,-0.18,-0.811,22.28,"March 25, 09",-0.00811
2009-03-26,22.48,22.5,21.91,22.42,27807800.0,27807800.0,0.06,0.267,22.27667,"March 26, 09",0.00267
2009-03-27,22.22,22.6,22.22,22.55,23103600.0,23103600.0,-0.33,-1.485,22.45667,"March 27, 09",-0.01485
2009-03-30,22.25,22.33,21.72,21.96,22905800.0,22905800.0,0.29,1.303,22.00333,"March 30, 09",0.01303
2009-03-31,22.14,22.36,21.93,21.98,23836600.0,23836600.0,0.16,0.723,22.09,"March 31, 09",0.00723
2009-04-01,21.88,22.5,21.75,22.43,21254800.0,21254800.0,-0.55,-2.514,22.22667,"April 01, 09",-0.02514
2009-04-02,22.65,22.92,22.33,22.67,24926400.0,24926400.0,-0.02,-0.088,22.64,"April 02, 09",-0.00088
2009-04-03,22.68,22.88,22.24,22.49,17886600.0,17886600.0,0.19,0.838,22.53667,"April 03, 09",0.00838
2009-04-06,22.35,22.62,22.27,22.5,16084000.0,16084000.0,-0.15,-0.671,22.46333,"April 06, 09",-0.00671
2009-04-07,22.42,22.58,22.23,22.31,15666200.0,15666200.0,0.11,0.491,22.37333,"April 07, 09",0.00491
2009-04-08,22.34,22.57,22.26,22.5,13595600.0,13595600.0,-0.16,-0.716,22.44333,"April 08, 09",-0.00716
2009-04-09,22.86,22.87,22.41,22.5,16203000.0,16203000.0,0.36,1.575,22.59333,"April 09, 09",0.01575
2009-04-13,22.48,22.49,22.2,22.37,13174400.0,13174400.0,0.11,0.489,22.35333,"April 13, 09",0.00489
2009-04-14,22.3,22.3,21.91,22.11,16458200.0,16458200.0,0.19,0.852,22.10667,"April 14, 09",0.00852
2009-04-15,22.1,22.56,22.05,22.51,16665600.0,16665600.0,-0.41,-1.855,22.37333,"April 15, 09",-0.01855
2009-04-16,22.68,22.75,22.17,22.55,17325600.0,17325600.0,0.13,0.573,22.49,"April 16, 09",0.00573
2009-04-17,22.63,22.72,22.33,22.51,22426000.0,22426000.0,0.12,0.53,22.52,"April 17, 09",0.0053
2009-04-20,22.42,22.5,21.91,22.17,27665400.0,27665400.0,0.25,1.115,22.19333,"April 20, 09",0.01115
2009-04-21,22.08,22.48,21.31,21.55,37523000.0,37523000.0,0.53,2.4,21.78,"April 21, 09",0.024
2009-04-22,21.6,21.61,21.3,21.47,28969200.0,28969200.0,0.13,0.602,21.46,"April 22, 09",0.00602
2009-04-23,21.54,21.58,21.34,21.46,28034600.0,28034600.0,0.08,0.371,21.46,"April 23, 09",0.00371
2009-04-24,21.48,21.55,21.29,21.4,29316200.0,29316200.0,0.08,0.372,21.41333,"April 24, 09",0.00372
2009-04-27,21.21,21.49,21.04,21.12,23763600.0,23763600.0,0.09,0.424,21.21667,"April 27, 09",0.00424
2009-04-28,21.06,21.28,21.0,21.14,18167600.0,18167600.0,-0.08,-0.38,21.14,"April 28, 09",-0.0038
2009-04-29,21.18,21.55,21.18,21.36,20426400.0,20426400.0,-0.18,-0.85,21.36333,"April 29, 09",-0.0085
2009-04-30,21.57,22.04,21.4,21.53,35959200.0,35959200.0,0.04,0.185,21.65667,"April 30, 09",0.00185
2009-05-01,21.57,21.61,21.09,21.24,21220200.0,21220200.0,0.33,1.53,21.31333,"May 01, 09",0.0153
2009-05-04,21.3,21.62,21.12,21.58,26789000.0,26789000.0,-0.28,-1.315,21.44,"May 04, 09",-0.01315
2009-05-05,21.66,21.88,21.51,21.57,22393600.0,22393600.0,0.09,0.416,21.65333,"May 05, 09",0.00416
2009-05-06,21.75,21.8,21.38,21.47,19488600.0,19488600.0,0.28,1.287,21.55,"May 06, 09",0.01287
2009-05-07,21.66,21.66,21.29,21.4,27057600.0,27057600.0,0.26,1.2,21.45,"May 07, 09",0.012
2009-05-08,21.48,21.58,21.25,21.46,24158600.0,24158600.0,0.02,0.093,21.43,"May 08, 09",0.00093
2009-05-11,21.37,21.59,21.27,21.38,18437800.0,18437800.0,-0.01,-0.047,21.41333,"May 11, 09",-0.00047
2009-05-12,21.48,22.34,21.43,22.2,37052200.0,37052200.0,-0.72,-3.352,21.99,"May 12, 09",-0.03352
2009-05-13,22.01,22.2,21.72,21.82,23717800.0,23717800.0,0.19,0.863,21.91333,"May 13, 09",0.00863
2009-05-14,21.96,22.58,21.96,22.45,34590000.0,34590000.0,-0.49,-2.231,22.33,"May 14, 09",-0.02231
2009-05-15,22.42,22.54,22.32,22.48,34102200.0,34102200.0,-0.06,-0.268,22.44667,"May 15, 09",-0.00268
2009-05-18,22.57,23.06,22.34,23.04,28462000.0,28462000.0,-0.47,-2.082,22.81333,"May 18, 09",-0.02082
2009-05-19,23.07,23.47,22.91,23.32,31889400.0,31889400.0,-0.25,-1.084,23.23333,"May 19, 09",-0.01084
2009-05-20,23.41,23.65,23.27,23.5,33379200.0,33379200.0,-0.09,-0.384,23.47333,"May 20, 09",-0.00384
2009-05-21,23.32,23.41,23.2,23.34,28366400.0,28366400.0,-0.02,-0.086,23.31667,"May 21, 09",-0.00086
2009-05-22,23.33,23.86,23.32,23.65,24576400.0,24576400.0,-0.32,-1.372,23.61,"May 22, 09",-0.01372
2009-05-26,23.5,23.74,23.44,23.61,28784800.0,28784800.0,-0.11,-0.468,23.59667,"May 26, 09",-0.00468
2009-05-27,23.57,23.59,23.27,23.32,19064800.0,19064800.0,0.25,1.061,23.39333,"May 27, 09",0.01061
2009-05-28,23.33,23.6,23.18,23.45,18940200.0,18940200.0,-0.12,-0.514,23.41,"May 28, 09",-0.00514
2009-05-29,23.5,24.58,23.48,24.58,45436800.0,45436800.0,-1.08,-4.596,24.21333,"May 29, 09",-0.04596
2009-06-01,24.63,24.73,24.36,24.51,42668400.0,42668400.0,0.12,0.487,24.53333,"June 01, 09",0.00487
2009-06-02,24.5,24.97,24.44,24.83,33442000.0,33442000.0,-0.33,-1.347,24.74667,"June 02, 09",-0.01347
2009-06-03,24.67,24.75,24.39,24.55,26862800.0,26862800.0,0.12,0.486,24.56333,"June 03, 09",0.00486
2009-06-04,24.57,24.9,24.36,24.88,21710200.0,21710200.0,-0.31,-1.262,24.71333,"June 04, 09",-0.01262
2009-06-05,24.96,24.97,24.62,24.72,19833400.0,19833400.0,0.24,0.962,24.77,"June 05, 09",0.00962
2009-06-08,24.62,24.82,24.41,24.69,15849400.0,15849400.0,-0.07,-0.284,24.64,"June 08, 09",-0.00284
2009-06-09,24.75,24.8,24.43,24.55,20304400.0,20304400.0,0.2,0.808,24.59333,"June 09, 09",0.00808
2009-06-10,24.65,24.68,24.03,24.21,28236200.0,28236200.0,0.44,1.785,24.30667,"June 10, 09",0.01785
2009-06-11,24.06,24.61,24.04,24.29,20569000.0,20569000.0,-0.23,-0.956,24.31333,"June 11, 09",-0.00956
2009-06-12,24.34,24.52,24.24,24.45,17240800.0,17240800.0,-0.11,-0.452,24.40333,"June 12, 09",-0.00452
2009-06-15,24.31,24.33,24.05,24.06,17630000.0,17630000.0,0.25,1.028,24.14667,"June 15, 09",0.01028
2009-06-16,24.09,24.17,23.91,23.92,15866200.0,15866200.0,0.17,0.706,24.0,"June 16, 09",0.00706
2009-06-17,23.94,24.32,23.92,23.97,16653800.0,16653800.0,-0.03,-0.125,24.07,"June 17, 09",-0.00125
2009-06-18,24.0,24.82,23.98,24.78,24154600.0,24154600.0,-0.78,-3.25,24.52667,"June 18, 09",-0.0325
2009-06-19,24.87,24.95,24.36,24.41,30718400.0,30718400.0,0.46,1.85,24.57333,"June 19, 09",0.0185
2009-06-22,24.26,24.41,24.0,24.0,21359600.0,21359600.0,0.26,1.072,24.13667,"June 22, 09",0.01072
2009-06-23,24.09,24.26,23.88,23.9,18727000.0,18727000.0,0.19,0.789,24.01333,"June 23, 09",0.00789
2009-06-24,24.06,24.25,23.68,23.75,17777000.0,17777000.0,0.31,1.288,23.89333,"June 24, 09",0.01288
2009-06-25,23.71,24.01,23.59,23.92,20630200.0,20630200.0,-0.21,-0.886,23.84,"June 25, 09",-0.00886
2009-06-26,23.86,24.15,23.82,24.07,26200600.0,26200600.0,-0.21,-0.88,24.01333,"June 26, 09",-0.0088
2009-06-29,24.07,24.25,24.06,24.15,17526600.0,17526600.0,-0.08,-0.332,24.15333,"June 29, 09",-0.00332
2009-06-30,24.11,24.13,23.91,24.0,31447400.0,31447400.0,0.11,0.456,24.01333,"June 30, 09",0.00456
2009-07-01,24.24,24.8,24.21,24.59,24212400.0,24212400.0,-0.35,-1.444,24.53333,"July 01, 09",-0.01444
2009-07-02,24.39,24.72,24.39,24.44,22199200.0,22199200.0,-0.05,-0.205,24.51667,"July 02, 09",-0.00205
2009-07-06,24.34,24.53,24.19,24.5,16671800.0,16671800.0,-0.16,-0.657,24.40667,"July 06, 09",-0.00657
2009-07-07,24.37,24.58,24.28,24.32,17109000.0,17109000.0,0.05,0.205,24.39333,"July 07, 09",0.00205
2009-07-08,24.28,24.44,24.08,24.25,21321000.0,21321000.0,0.03,0.124,24.25667,"July 08, 09",0.00124
2009-07-09,24.36,24.42,24.25,24.36,17427000.0,17427000.0,0.0,0.0,24.34333,"July 09, 09",0.0
2009-07-10,24.25,24.43,24.01,24.16,15619200.0,15619200.0,0.09,0.371,24.2,"July 10, 09",0.00371
2009-07-13,24.19,24.59,24.05,24.53,20608400.0,20608400.0,-0.34,-1.406,24.39,"July 13, 09",-0.01406
2009-07-14,24.51,24.67,24.37,24.65,15369200.0,15369200.0,-0.14,-0.571,24.56333,"July 14, 09",-0.00571
2009-07-15,24.74,25.29,24.7,25.26,20127200.0,20127200.0,-0.52,-2.102,25.08333,"July 15, 09",-0.02102
2009-07-16,25.17,25.44,25.08,25.4,15817800.0,15817800.0,-0.23,-0.914,25.30667,"July 16, 09",-0.00914
2009-07-17,25.16,25.28,25.01,25.16,19808400.0,19808400.0,0.0,0.0,25.15,"July 17, 09",0.0
2009-07-20,25.31,25.51,25.04,25.51,19104800.0,19104800.0,-0.2,-0.79,25.35333,"July 20, 09",-0.0079
2009-07-21,25.42,25.42,24.9,25.17,28738600.0,28738600.0,0.25,0.983,25.16333,"July 21, 09",0.00983
2009-07-22,25.16,25.17,24.42,24.57,28358800.0,28358800.0,0.59,2.345,24.72,"July 22, 09",0.02345
2009-07-23,24.57,25.01,24.44,24.59,26749000.0,26749000.0,-0.02,-0.081,24.68,"July 23, 09",-0.00081
2009-07-24,24.71,24.82,24.42,24.68,16574000.0,16574000.0,0.03,0.121,24.64,"July 24, 09",0.00121
2009-07-27,24.68,24.8,24.58,24.76,16257600.0,16257600.0,-0.08,-0.324,24.71333,"July 27, 09",-0.00324
2009-07-28,24.72,24.88,24.5,24.7,16079600.0,16079600.0,0.02,0.081,24.69333,"July 28, 09",0.00081
2009-07-29,24.71,24.97,24.55,24.64,18125000.0,18125000.0,0.07,0.283,24.72,"July 29, 09",0.00283
2009-07-30,24.91,25.25,24.78,24.83,19436600.0,19436600.0,0.08,0.321,24.95333,"July 30, 09",0.00321
2009-07-31,24.82,25.1,24.75,24.92,16822200.0,16822200.0,-0.1,-0.403,24.92333,"July 31, 09",-0.00403
2009-08-03,25.01,25.05,24.65,24.8,18436000.0,18436000.0,0.21,0.84,24.83333,"August 03, 09",0.0084
2009-08-04,24.78,25.08,24.67,24.75,17580200.0,17580200.0,0.03,0.121,24.83333,"August 04, 09",0.00121
2009-08-05,24.75,24.8,24.5,24.58,15010000.0,15010000.0,0.17,0.687,24.62667,"August 05, 09",0.00687
2009-08-06,24.71,24.78,24.6,24.7,13811600.0,13811600.0,0.01,0.04,24.69333,"August 06, 09",0.0004
2009-08-07,24.83,24.88,24.58,24.67,13305400.0,13305400.0,0.16,0.644,24.71,"August 07, 09",0.00644
2009-08-10,24.63,24.74,24.49,24.72,13499200.0,13499200.0,-0.09,-0.365,24.65,"August 10, 09",-0.00365
2009-08-11,24.71,24.74,24.48,24.52,12509000.0,12509000.0,0.19,0.769,24.58,"August 11, 09",0.00769
2009-08-12,24.48,24.55,24.22,24.23,24894800.0,24894800.0,0.25,1.021,24.33333,"August 12, 09",0.01021
2009-08-13,24.22,24.33,23.71,24.06,26560600.0,26560600.0,0.16,0.661,24.03333,"August 13, 09",0.00661
2009-08-14,24.03,24.24,24.0,24.24,14806400.0,14806400.0,-0.21,-0.874,24.16,"August 14, 09",-0.00874
2009-08-17,24.22,24.4,24.06,24.35,16211600.0,16211600.0,-0.13,-0.537,24.27,"August 17, 09",-0.00537
2009-08-18,24.38,24.48,24.24,24.31,15516200.0,15516200.0,0.07,0.287,24.34333,"August 18, 09",0.00287
2009-08-19,24.16,24.74,24.16,24.68,17039600.0,17039600.0,-0.52,-2.152,24.52667,"August 19, 09",-0.02152
2009-08-20,24.7,24.79,24.56,24.71,11873200.0,11873200.0,-0.01,-0.04,24.68667,"August 20, 09",-0.0004
2009-08-21,24.8,24.99,24.63,24.96,17650000.0,17650000.0,-0.16,-0.645,24.86,"August 21, 09",-0.00645
2009-08-24,24.9,24.9,24.41,24.53,21742400.0,21742400.0,0.37,1.486,24.61333,"August 24, 09",0.01486
2009-08-25,24.56,24.58,24.34,24.37,21427800.0,21427800.0,0.19,0.774,24.43,"August 25, 09",0.00774
2009-08-26,24.41,24.66,24.35,24.59,13591400.0,13591400.0,-0.18,-0.737,24.53333,"August 26, 09",-0.00737
2009-08-27,24.59,24.82,24.38,24.72,13884800.0,13884800.0,-0.13,-0.529,24.64,"August 27, 09",-0.00529
2009-08-28,24.81,24.82,24.46,24.53,13716200.0,13716200.0,0.28,1.129,24.60333,"August 28, 09",0.01129
2009-08-31,24.42,24.68,24.25,24.39,21321600.0,21321600.0,0.03,0.123,24.44,"August 31, 09",0.00123
2009-09-01,24.36,24.63,24.19,24.26,24552800.0,24552800.0,0.1,0.411,24.36,"September 01, 09",0.00411
2009-09-02,24.28,25.15,24.28,24.9,40824000.0,40824000.0,-0.62,-2.554,24.77667,"September 02, 09",-0.02554
2009-09-03,24.82,24.92,24.62,24.79,22579800.0,22579800.0,0.03,0.121,24.77667,"September 03, 09",0.00121
2009-09-04,24.65,25.04,24.53,24.98,15117600.0,15117600.0,-0.33,-1.339,24.85,"September 04, 09",-0.01339
2009-09-08,24.97,25.4,24.86,25.21,31283600.0,31283600.0,-0.24,-0.961,25.15667,"September 08, 09",-0.00961
2009-09-09,25.2,25.41,25.12,25.32,15813000.0,15813000.0,-0.12,-0.476,25.28333,"September 09, 09",-0.00476
2009-09-10,25.26,25.4,25.08,25.29,21545000.0,21545000.0,-0.03,-0.119,25.25667,"September 10, 09",-0.00119
2009-09-11,25.07,25.87,25.0,25.75,34130200.0,34130200.0,-0.68,-2.712,25.54,"September 11, 09",-0.02712
2009-09-14,25.54,26.24,25.46,26.08,33162200.0,33162200.0,-0.54,-2.114,25.92667,"September 14, 09",-0.02114
2009-09-15,26.04,26.29,25.83,26.23,27725400.0,27725400.0,-0.19,-0.73,26.11667,"September 15, 09",-0.0073
2009-09-16,26.22,26.41,25.95,26.33,26104600.0,26104600.0,-0.11,-0.42,26.23,"September 16, 09",-0.0042
2009-09-17,26.25,26.73,26.21,26.71,27358600.0,27358600.0,-0.46,-1.752,26.55,"September 17, 09",-0.01752
2009-09-18,26.84,27.06,26.65,26.88,124169000.0,124169000.0,-0.04,-0.149,26.86333,"September 18, 09",-0.00149
2009-09-21,26.74,26.88,26.39,26.5,24711600.0,24711600.0,0.24,0.898,26.59,"September 21, 09",0.00898
2009-09-22,26.66,26.66,26.37,26.42,19425600.0,19425600.0,0.24,0.9,26.48333,"September 22, 09",0.009
2009-09-23,26.47,26.58,26.08,26.29,20835200.0,20835200.0,0.18,0.68,26.31667,"September 23, 09",0.0068
2009-09-24,26.29,26.57,26.12,26.17,24283000.0,24283000.0,0.12,0.456,26.28667,"September 24, 09",0.00456
2009-09-25,26.17,26.64,26.14,26.49,21737000.0,21737000.0,-0.32,-1.223,26.42333,"September 25, 09",-0.01223
2009-09-28,26.51,26.82,26.45,26.57,15193400.0,15193400.0,-0.06,-0.226,26.61333,"September 28, 09",-0.00226
2009-09-29,26.7,26.77,26.59,26.66,17321200.0,17321200.0,0.04,0.15,26.67333,"September 29, 09",0.0015
2009-09-30,26.66,26.98,26.3,26.85,28275800.0,28275800.0,-0.19,-0.713,26.71,"September 30, 09",-0.00713
2009-10-01,26.7,26.85,26.52,26.56,28071000.0,28071000.0,0.14,0.524,26.64333,"October 01, 09",0.00524
2009-10-02,26.53,27.04,26.46,26.93,25169000.0,25169000.0,-0.4,-1.508,26.81,"October 02, 09",-0.01508
2009-10-05,26.91,27.0,26.65,26.9,15554600.0,15554600.0,0.01,0.037,26.85,"October 05, 09",0.00037
2009-10-06,26.91,27.33,26.83,27.16,19109800.0,19109800.0,-0.25,-0.929,27.10667,"October 06, 09",-0.00929
2009-10-07,27.43,27.64,27.16,27.41,20761400.0,20761400.0,0.02,0.073,27.40333,"October 07, 09",0.00073
2009-10-08,27.5,27.5,27.16,27.3,18030400.0,18030400.0,0.2,0.727,27.32,"October 08, 09",0.00727
2009-10-09,27.33,27.45,27.13,27.33,11828400.0,11828400.0,0.0,0.0,27.30333,"October 09, 09",0.0
2009-10-12,27.42,27.63,27.26,27.4,16013800.0,16013800.0,0.02,0.073,27.43,"October 12, 09",0.00073
2009-10-13,27.39,27.48,27.28,27.4,11937400.0,11937400.0,-0.01,-0.037,27.38667,"October 13, 09",-0.00037
2009-10-14,27.46,27.51,27.3,27.42,16081000.0,16081000.0,0.04,0.146,27.41,"October 14, 09",0.00146
2009-10-15,27.37,27.61,27.17,27.46,24241800.0,24241800.0,-0.09,-0.329,27.41333,"October 15, 09",-0.00329
2009-10-16,27.46,27.6,27.34,27.5,22090800.0,22090800.0,-0.04,-0.146,27.48,"October 16, 09",-0.00146
2009-10-19,27.57,27.75,27.33,27.4,20656000.0,20656000.0,0.17,0.617,27.49333,"October 19, 09",0.00617
2009-10-20,26.8,27.08,26.59,27.04,26859600.0,26859600.0,-0.24,-0.896,26.90333,"October 20, 09",-0.00896
2009-10-21,26.91,27.34,26.85,27.04,16511200.0,16511200.0,-0.13,-0.483,27.07667,"October 21, 09",-0.00483
2009-10-22,26.79,27.14,26.71,27.08,16361000.0,16361000.0,-0.29,-1.082,26.97667,"October 22, 09",-0.01082
2009-10-23,26.96,27.08,26.56,26.62,21709400.0,21709400.0,0.34,1.261,26.75333,"October 23, 09",0.01261
2009-10-26,26.54,27.15,26.36,26.62,21567600.0,21567600.0,-0.08,-0.301,26.71,"October 26, 09",-0.00301
2009-10-27,26.62,26.96,26.55,26.73,14735200.0,14735200.0,-0.11,-0.413,26.74667,"October 27, 09",-0.00413
2009-10-28,26.63,27.0,26.62,26.75,16017200.0,16017200.0,-0.12,-0.451,26.79,"October 28, 09",-0.00451
2009-10-29,26.76,27.06,26.58,27.05,14807000.0,14807000.0,-0.29,-1.084,26.89667,"October 29, 09",-0.01084
2009-10-30,27.03,27.14,26.56,26.66,21812200.0,21812200.0,0.37,1.369,26.78667,"October 30, 09",0.01369
2009-11-02,26.75,26.96,26.58,26.86,18603600.0,18603600.0,-0.11,-0.411,26.8,"November 02, 09",-0.00411
2009-11-03,26.83,26.84,26.39,26.56,16314800.0,16314800.0,0.27,1.006,26.59667,"November 03, 09",0.01006
2009-11-04,26.71,27.0,26.51,26.75,14114400.0,14114400.0,-0.04,-0.15,26.75333,"November 04, 09",-0.0015
2009-11-05,26.75,27.24,26.73,27.2,16305800.0,16305800.0,-0.45,-1.682,27.05667,"November 05, 09",-0.01682
2009-11-06,26.99,27.25,26.91,27.25,10680400.0,10680400.0,-0.26,-0.963,27.13667,"November 06, 09",-0.00963
2009-11-09,27.3,27.75,27.08,27.74,19230400.0,19230400.0,-0.44,-1.612,27.52333,"November 09, 09",-0.01612
2009-11-10,27.67,28.09,27.63,27.91,16139400.0,16139400.0,-0.24,-0.867,27.87667,"November 10, 09",-0.00867
2009-11-11,28.03,28.14,27.87,28.07,14304600.0,14304600.0,-0.04,-0.143,28.02667,"November 11, 09",-0.00143
2009-11-12,28.06,28.19,27.92,27.97,15196000.0,15196000.0,0.09,0.321,28.02667,"November 12, 09",0.00321
2009-11-13,28.03,28.35,27.95,28.23,23351000.0,23351000.0,-0.2,-0.714,28.17667,"November 13, 09",-0.00714
2009-11-16,28.33,28.55,28.22,28.37,16239400.0,16239400.0,-0.04,-0.141,28.38,"November 16, 09",-0.00141
2009-11-17,28.32,28.46,28.23,28.43,11344000.0,11344000.0,-0.11,-0.388,28.37333,"November 17, 09",-0.00388
2009-11-18,28.47,28.5,28.15,28.29,15253200.0,15253200.0,0.18,0.632,28.31333,"November 18, 09",0.00632
2009-11-19,28.12,28.49,28.02,28.44,18154400.0,18154400.0,-0.32,-1.138,28.31667,"November 19, 09",-0.01138
2009-11-20,28.34,28.84,28.34,28.74,20697600.0,20697600.0,-0.4,-1.411,28.64,"November 20, 09",-0.01411
2009-11-23,28.86,29.17,28.86,29.12,18542400.0,18542400.0,-0.26,-0.901,29.05,"November 23, 09",-0.00901
2009-11-24,29.22,29.22,28.93,29.09,15581400.0,15581400.0,0.13,0.445,29.08,"November 24, 09",0.00445
2009-11-25,29.18,29.18,29.0,29.06,13380600.0,13380600.0,0.12,0.411,29.08,"November 25, 09",0.00411
2009-11-27,28.49,28.76,28.2,28.59,15675400.0,15675400.0,-0.1,-0.351,28.51667,"November 27, 09",-0.00351
2009-11-30,28.65,28.66,28.4,28.6,18884800.0,18884800.0,0.05,0.175,28.55333,"November 30, 09",0.00175
2009-12-01,28.8,29.13,28.69,29.04,15359800.0,15359800.0,-0.24,-0.833,28.95333,"December 01, 09",-0.00833
2009-12-02,28.92,29.1,28.84,28.98,13599400.0,13599400.0,-0.06,-0.207,28.97333,"December 02, 09",-0.00207
2009-12-03,29.05,29.05,28.58,28.64,20241800.0,20241800.0,0.41,1.411,28.75667,"December 03, 09",0.01411
2009-12-04,28.8,29.01,28.41,28.75,24927200.0,24927200.0,0.05,0.174,28.72333,"December 04, 09",0.00174
2009-12-07,28.48,29.05,28.35,28.93,16705400.0,16705400.0,-0.45,-1.58,28.77667,"December 07, 09",-0.0158
2009-12-08,28.76,28.87,28.54,28.84,18290800.0,18290800.0,-0.08,-0.278,28.75,"December 08, 09",-0.00278
2009-12-09,28.73,28.92,28.51,28.92,19494600.0,19494600.0,-0.19,-0.661,28.78333,"December 09, 09",-0.00661
2009-12-10,28.99,29.46,28.96,29.29,30755400.0,30755400.0,-0.3,-1.035,29.23667,"December 10, 09",-0.01035
2009-12-11,29.3,29.7,29.3,29.56,30435600.0,30435600.0,-0.26,-0.887,29.52,"December 11, 09",-0.00887
2009-12-14,29.56,29.73,29.46,29.52,16670200.0,16670200.0,0.04,0.135,29.57,"December 14, 09",0.00135
2009-12-15,29.58,29.59,29.42,29.53,15299800.0,15299800.0,0.05,0.169,29.51333,"December 15, 09",0.00169
2009-12-16,29.48,29.6,29.19,29.21,19605000.0,19605000.0,0.27,0.916,29.33333,"December 16, 09",0.00916
2009-12-17,29.13,29.14,28.47,28.49,25472000.0,25472000.0,0.64,2.197,28.7,"December 17, 09",0.02197
2009-12-18,28.63,28.63,28.16,28.46,37737800.0,37737800.0,0.17,0.594,28.41667,"December 18, 09",0.00594
2009-12-21,28.51,28.81,28.45,28.59,14616200.0,14616200.0,-0.08,-0.281,28.61667,"December 21, 09",-0.00281
2009-12-22,28.58,28.79,28.55,28.64,12111800.0,12111800.0,-0.06,-0.21,28.66,"December 22, 09",-0.0021
2009-12-23,28.6,28.75,28.5,28.65,10937600.0,10937600.0,-0.05,-0.175,28.63333,"December 23, 09",-0.00175
2009-12-24,28.75,28.75,28.53,28.72,5814200.0,5814200.0,0.03,0.104,28.66667,"December 24, 09",0.00104
2009-12-28,28.71,28.79,28.64,28.72,7679600.0,7679600.0,-0.01,-0.035,28.71667,"December 28, 09",-0.00035
2009-12-29,28.73,28.99,28.73,28.87,9551000.0,9551000.0,-0.14,-0.487,28.86333,"December 29, 09",-0.00487
2009-12-30,28.87,28.95,28.74,28.84,9625200.0,9625200.0,0.03,0.104,28.84333,"December 30, 09",0.00104
2009-12-31,28.79,28.88,28.47,28.5,10848800.0,10848800.0,0.29,1.007,28.61667,"December 31, 09",0.01007
2010-01-04,28.58,28.61,28.45,28.52,13870400.0,13870400.0,0.06,0.21,28.52667,"January 04, 10",0.0021
2010-01-05,28.42,28.5,28.07,28.17,23172400.0,23172400.0,0.25,0.88,28.24667,"January 05, 10",0.0088
2010-01-06,28.17,28.22,27.99,28.17,19264600.0,19264600.0,0.0,0.0,28.12667,"January 06, 10",0.0
2010-01-07,28.17,28.18,27.88,28.09,13234600.0,13234600.0,0.08,0.284,28.05,"January 07, 10",0.00284
2010-01-08,27.73,27.82,27.38,27.58,28712400.0,28712400.0,0.15,0.541,27.59333,"January 08, 10",0.00541
2010-01-11,27.58,28.23,27.4,28.14,28642400.0,28642400.0,-0.56,-2.03,27.92333,"January 11, 10",-0.0203
2010-01-12,28.05,28.5,28.03,28.44,23269800.0,23269800.0,-0.39,-1.39,28.32333,"January 12, 10",-0.0139
2010-01-13,28.43,28.72,28.34,28.51,15157400.0,15157400.0,-0.08,-0.281,28.52333,"January 13, 10",-0.00281
2010-01-14,28.52,28.63,28.39,28.57,12392600.0,12392600.0,-0.05,-0.175,28.53,"January 14, 10",-0.00175
2010-01-15,28.48,28.67,28.02,28.15,27460800.0,27460800.0,0.33,1.159,28.28,"January 15, 10",0.01159
2010-01-19,28.11,28.25,27.96,28.21,14615400.0,14615400.0,-0.1,-0.356,28.14,"January 19, 10",-0.00356
2010-01-20,28.08,28.2,27.65,27.75,18810200.0,18810200.0,0.33,1.175,27.86667,"January 20, 10",0.01175
2010-01-21,27.78,27.79,27.09,27.18,27396800.0,27396800.0,0.6,2.16,27.35333,"January 21, 10",0.0216
2010-01-22,27.17,27.43,26.99,27.12,23551400.0,23551400.0,0.05,0.184,27.18,"January 22, 10",0.00184
2010-01-25,27.25,27.27,26.94,27.17,16853200.0,16853200.0,0.08,0.294,27.12667,"January 25, 10",0.00294
2010-01-26,27.04,27.25,26.93,27.07,15515000.0,15515000.0,-0.03,-0.111,27.08333,"January 26, 10",-0.00111
2010-01-27,27.0,27.33,26.85,27.25,20414800.0,20414800.0,-0.25,-0.926,27.14333,"January 27, 10",-0.00926
2010-01-28,27.36,27.42,27.07,27.09,20905200.0,20905200.0,0.27,0.987,27.19333,"January 28, 10",0.00987
2010-01-29,27.22,27.47,26.95,27.13,22146800.0,22146800.0,0.09,0.331,27.18333,"January 29, 10",0.00331
2010-02-01,27.25,27.28,27.0,27.19,14517600.0,14517600.0,0.06,0.22,27.15667,"February 01, 10",0.0022
2010-02-02,27.26,27.61,27.08,27.53,16888600.0,16888600.0,-0.27,-0.99,27.40667,"February 02, 10",-0.0099
2010-02-03,27.46,27.48,27.26,27.43,15899400.0,15899400.0,0.03,0.109,27.39,"February 03, 10",0.00109
2010-02-04,27.28,27.34,26.7,26.72,21342800.0,21342800.0,0.56,2.053,26.92,"February 04, 10",0.02053
2010-02-05,26.62,26.72,26.26,26.55,29285000.0,29285000.0,0.07,0.263,26.51,"February 05, 10",0.00263
2010-02-08,26.64,26.64,26.29,26.33,16721200.0,16721200.0,0.31,1.164,26.42,"February 08, 10",0.01164
2010-02-09,26.84,27.49,26.68,27.0,31495000.0,31495000.0,-0.16,-0.596,27.05667,"February 09, 10",-0.00596
2010-02-10,27.3,27.3,26.58,26.9,18717600.0,18717600.0,0.4,1.465,26.92667,"February 10, 10",0.01465
2010-02-11,26.8,27.17,26.64,27.11,26327200.0,26327200.0,-0.31,-1.157,26.97333,"February 11, 10",-0.01157
2010-02-12,26.96,27.2,26.81,26.99,24640000.0,24640000.0,-0.03,-0.111,27.0,"February 12, 10",-0.00111
2010-02-16,27.25,27.41,26.97,27.41,19339400.0,19339400.0,-0.16,-0.587,27.26333,"February 16, 10",-0.00587
2010-02-17,27.41,27.78,27.38,27.67,17064600.0,17064600.0,-0.26,-0.949,27.61,"February 17, 10",-0.00949
2010-02-18,27.58,27.96,27.58,27.96,17264600.0,17264600.0,-0.38,-1.378,27.83333,"February 18, 10",-0.01378
2010-02-19,27.9,27.95,27.59,27.86,18944800.0,18944800.0,0.04,0.143,27.8,"February 19, 10",0.00143
2010-02-22,27.9,27.93,27.64,27.69,13487600.0,13487600.0,0.21,0.753,27.75333,"February 22, 10",0.00753
2010-02-23,27.71,27.8,27.4,27.42,14835600.0,14835600.0,0.29,1.047,27.54,"February 23, 10",0.01047
2010-02-24,27.5,27.59,27.34,27.58,14470600.0,14470600.0,-0.08,-0.291,27.50333,"February 24, 10",-0.00291
2010-02-25,26.57,26.79,26.31,26.56,63648600.0,63648600.0,0.01,0.038,26.55333,"February 25, 10",0.00038
2010-02-26,26.55,26.55,26.12,26.36,63095400.0,63095400.0,0.19,0.716,26.34333,"February 26, 10",0.00716
2010-03-01,26.61,26.68,26.4,26.64,39449800.0,39449800.0,-0.03,-0.113,26.57333,"March 01, 10",-0.00113
2010-03-02,26.69,26.84,26.58,26.65,24506200.0,24506200.0,0.04,0.15,26.69,"March 02, 10",0.0015
2010-03-03,26.65,27.06,26.59,26.97,26574200.0,26574200.0,-0.32,-1.201,26.87333,"March 03, 10",-0.01201
2010-03-04,27.35,27.52,27.16,27.24,28983200.0,28983200.0,0.11,0.402,27.30667,"March 04, 10",0.00402
2010-03-05,27.34,27.48,27.18,27.35,24238600.0,24238600.0,-0.01,-0.037,27.33667,"March 05, 10",-0.00037
2010-03-08,27.36,27.43,27.16,27.23,18915600.0,18915600.0,0.13,0.475,27.27333,"March 08, 10",0.00475
2010-03-09,27.17,27.3,26.98,27.09,23070000.0,23070000.0,0.08,0.294,27.12333,"March 09, 10",0.00294
2010-03-10,27.13,27.18,27.02,27.1,21574800.0,21574800.0,0.03,0.111,27.1,"March 10, 10",0.00111
2010-03-11,26.89,26.89,26.5,26.8,29130600.0,29130600.0,0.09,0.335,26.73,"March 11, 10",0.00335
2010-03-12,26.84,26.89,26.63,26.67,22334400.0,22334400.0,0.17,0.633,26.73,"March 12, 10",0.00633
2010-03-15,26.87,26.92,26.68,26.83,23874000.0,23874000.0,0.04,0.149,26.81,"March 15, 10",0.00149
2010-03-16,26.9,26.93,26.79,26.85,22287800.0,22287800.0,0.05,0.186,26.85667,"March 16, 10",0.00186
2010-03-17,26.91,27.0,26.8,26.92,26074400.0,26074400.0,-0.01,-0.037,26.90667,"March 17, 10",-0.00037
2010-03-18,26.95,27.02,26.87,26.98,23496200.0,23496200.0,-0.03,-0.111,26.95667,"March 18, 10",-0.00111
2010-03-19,27.38,27.53,26.8,27.38,43610800.0,43610800.0,0.0,0.0,27.23667,"March 19, 10",0.0
2010-03-22,27.25,27.42,27.2,27.27,18127400.0,18127400.0,-0.02,-0.073,27.29667,"March 22, 10",-0.00073
2010-03-23,27.36,27.67,27.21,27.65,19081200.0,19081200.0,-0.29,-1.06,27.51,"March 23, 10",-0.0106
2010-03-24,27.61,27.68,27.31,27.31,17052600.0,17052600.0,0.3,1.087,27.43333,"March 24, 10",0.01087
2010-03-25,27.46,27.59,27.33,27.4,16638800.0,16638800.0,0.06,0.218,27.44,"March 25, 10",0.00218
2010-03-26,27.4,27.49,27.25,27.33,16276800.0,16276800.0,0.07,0.255,27.35667,"March 26, 10",0.00255
2010-03-29,27.4,27.48,27.33,27.39,13853600.0,13853600.0,0.01,0.036,27.4,"March 29, 10",0.00036
2010-03-30,27.45,27.53,27.31,27.43,13631600.0,13631600.0,0.02,0.073,27.42333,"March 30, 10",0.00073
2010-03-31,27.4,27.65,27.25,27.5,22922000.0,22922000.0,-0.1,-0.365,27.46667,"March 31, 10",-0.00365
2010-04-01,27.68,27.72,27.57,27.65,14346000.0,14346000.0,0.03,0.108,27.64667,"April 01, 10",0.00108
2010-04-05,27.78,27.78,27.33,27.43,19191800.0,19191800.0,0.35,1.26,27.51333,"April 05, 10",0.0126
2010-04-06,27.42,27.42,27.11,27.15,17604200.0,17604200.0,0.27,0.985,27.22667,"April 06, 10",0.00985
2010-04-07,27.15,27.15,26.78,26.91,24060800.0,24060800.0,0.24,0.884,26.94667,"April 07, 10",0.00884
2010-04-08,26.89,26.89,26.72,26.88,19466800.0,19466800.0,0.01,0.037,26.83,"April 08, 10",0.00037
2010-04-09,26.96,27.31,26.92,27.3,20640600.0,20640600.0,-0.34,-1.261,27.17667,"April 09, 10",-0.01261
2010-04-12,27.33,27.43,27.25,27.38,16930400.0,16930400.0,-0.05,-0.183,27.35333,"April 12, 10",-0.00183
2010-04-13,27.34,27.54,27.33,27.51,15055000.0,15055000.0,-0.17,-0.622,27.46,"April 13, 10",-0.00622
2010-04-14,27.51,27.53,27.33,27.48,13865200.0,13865200.0,0.03,0.109,27.44667,"April 14, 10",0.00109
2010-04-15,27.38,27.39,27.07,27.13,20351000.0,20351000.0,0.25,0.913,27.19667,"April 15, 10",0.00913
2010-04-16,27.12,27.57,27.08,27.49,35075600.0,35075600.0,-0.37,-1.364,27.38,"April 16, 10",-0.01364
2010-04-19,27.49,27.66,27.46,27.66,26468600.0,26468600.0,-0.17,-0.618,27.59333,"April 19, 10",-0.00618
2010-04-20,27.61,27.65,27.16,27.24,32508800.0,32508800.0,0.37,1.34,27.35,"April 20, 10",0.0134
2010-04-21,27.29,27.29,27.0,27.09,19263200.0,19263200.0,0.2,0.733,27.12667,"April 21, 10",0.00733
2010-04-22,27.07,27.25,27.0,27.16,20295600.0,20295600.0,-0.09,-0.332,27.13667,"April 22, 10",-0.00332
2010-04-23,27.23,27.23,26.87,26.94,21675400.0,21675400.0,0.29,1.065,27.01333,"April 23, 10",0.01065
2010-04-26,27.0,27.17,26.87,26.87,17890800.0,17890800.0,0.13,0.481,26.97,"April 26, 10",0.00481
2010-04-27,26.83,26.93,26.42,26.43,27600400.0,27600400.0,0.4,1.491,26.59333,"April 27, 10",0.01491
2010-04-28,26.5,26.79,26.28,26.68,24754600.0,24754600.0,-0.18,-0.679,26.58333,"April 28, 10",-0.00679
2010-04-29,26.81,27.09,26.78,26.87,17437600.0,17437600.0,-0.06,-0.224,26.91333,"April 29, 10",-0.00224
2010-04-30,26.81,26.98,26.7,26.73,19349600.0,19349600.0,0.08,0.298,26.80333,"April 30, 10",0.00298
2010-05-03,26.86,26.98,26.64,26.88,16123400.0,16123400.0,-0.02,-0.074,26.83333,"May 03, 10",-0.00074
2010-05-04,26.7,26.9,26.53,26.59,23282800.0,23282800.0,0.11,0.412,26.67333,"May 04, 10",0.00412
2010-05-05,26.72,26.95,26.6,26.83,23670400.0,23670400.0,-0.11,-0.412,26.79333,"May 05, 10",-0.00412
2010-05-06,26.83,27.1,25.61,26.15,47912000.0,47912000.0,0.68,2.534,26.28667,"May 06, 10",0.02534
2010-05-07,26.09,26.42,25.77,26.33,43535600.0,43535600.0,-0.24,-0.92,26.17333,"May 07, 10",-0.0092
2010-05-10,26.92,27.05,26.63,27.02,35311400.0,35311400.0,-0.1,-0.371,26.9,"May 10, 10",-0.00371
2010-05-11,26.81,27.04,26.75,26.81,23165200.0,23165200.0,0.0,0.0,26.86667,"May 11, 10",0.0
2010-05-12,26.9,27.05,26.71,27.01,24005400.0,24005400.0,-0.11,-0.409,26.92333,"May 12, 10",-0.00409
2010-05-13,26.98,27.0,26.73,26.75,19319800.0,19319800.0,0.23,0.852,26.82667,"May 13, 10",0.00852
2010-05-14,26.68,26.83,26.43,26.67,25868200.0,25868200.0,0.01,0.037,26.64333,"May 14, 10",0.00037
2010-05-17,26.74,26.78,26.42,26.71,17393400.0,17393400.0,0.03,0.112,26.63667,"May 17, 10",0.00112
2010-05-18,26.85,26.86,26.54,26.55,20435600.0,20435600.0,0.3,1.117,26.65,"May 18, 10",0.01117
2010-05-19,26.5,26.67,26.23,26.56,21119200.0,21119200.0,-0.06,-0.226,26.48667,"May 19, 10",-0.00226
2010-05-20,26.25,26.25,25.76,25.77,29290400.0,29290400.0,0.48,1.829,25.92667,"May 20, 10",0.01829
2010-05-21,25.42,25.86,25.15,25.8,34233400.0,34233400.0,-0.38,-1.495,25.60333,"May 21, 10",-0.01495
2010-05-24,25.61,25.93,25.51,25.73,16832600.0,16832600.0,-0.12,-0.469,25.72333,"May 24, 10",-0.00469
2010-05-25,25.18,25.37,24.97,25.31,28693800.0,28693800.0,-0.13,-0.516,25.21667,"May 25, 10",-0.00516
2010-05-26,25.42,25.44,24.97,25.04,32607800.0,32607800.0,0.38,1.495,25.15,"May 26, 10",0.01495
2010-05-27,25.31,25.63,25.13,25.62,22663600.0,22663600.0,-0.31,-1.225,25.46,"May 27, 10",-0.01225
2010-05-28,25.59,25.98,25.5,25.7,23577000.0,23577000.0,-0.11,-0.43,25.72667,"May 28, 10",-0.0043
2010-06-01,25.56,26.06,25.37,25.65,24274800.0,24274800.0,-0.09,-0.352,25.69333,"June 01, 10",-0.00352
2010-06-02,25.77,26.21,25.58,26.21,18742200.0,18742200.0,-0.44,-1.707,26.0,"June 02, 10",-0.01707
2010-06-03,26.33,26.5,26.23,26.38,23564400.0,23564400.0,-0.05,-0.19,26.37,"June 03, 10",-0.0019
2010-06-04,26.07,26.07,25.51,25.64,23942800.0,23942800.0,0.43,1.649,25.74,"June 04, 10",0.01649
2010-06-07,25.62,25.75,25.39,25.4,20177800.0,20177800.0,0.22,0.859,25.51333,"June 07, 10",0.00859
2010-06-08,25.4,25.91,25.26,25.78,22429800.0,22429800.0,-0.38,-1.496,25.65,"June 08, 10",-0.01496
2010-06-09,25.78,25.92,25.58,25.67,17645800.0,17645800.0,0.11,0.427,25.72333,"June 09, 10",0.00427
2010-06-10,25.93,26.25,25.93,26.23,18790000.0,18790000.0,-0.3,-1.157,26.13667,"June 10, 10",-0.01157
2010-06-11,25.86,25.87,25.57,25.83,14946000.0,14946000.0,0.03,0.116,25.75667,"June 11, 10",0.00116
2010-06-14,25.97,25.99,25.73,25.75,13656400.0,13656400.0,0.22,0.847,25.82333,"June 14, 10",0.00847
2010-06-15,25.92,26.1,25.78,26.09,16368600.0,16368600.0,-0.17,-0.656,25.99,"June 15, 10",-0.00656
2010-06-16,25.92,26.22,25.89,26.2,16784800.0,16784800.0,-0.28,-1.08,26.10333,"June 16, 10",-0.0108
2010-06-17,26.25,26.35,26.02,26.18,20740200.0,20740200.0,0.07,0.267,26.18333,"June 17, 10",0.00267
2010-06-18,26.2,26.37,26.13,26.16,28405800.0,28405800.0,0.04,0.153,26.22,"June 18, 10",0.00153
2010-06-21,26.41,26.49,26.14,26.24,18346400.0,18346400.0,0.17,0.644,26.29,"June 21, 10",0.00644
2010-06-22,26.23,26.54,26.22,26.23,20805000.0,20805000.0,0.0,0.0,26.33,"June 22, 10",0.0
2010-06-23,26.28,26.33,26.0,26.12,20718000.0,20718000.0,0.16,0.609,26.15,"June 23, 10",0.00609
2010-06-24,26.06,26.24,25.83,25.9,17401400.0,17401400.0,0.16,0.614,25.99,"June 24, 10",0.00614
2010-06-25,25.9,25.97,25.13,25.13,57969600.0,57969600.0,0.77,2.973,25.41,"June 25, 10",0.02973
2010-06-28,25.37,25.69,25.31,25.54,23525400.0,23525400.0,-0.17,-0.67,25.51333,"June 28, 10",-0.0067
2010-06-29,25.29,25.48,25.05,25.17,23502600.0,23502600.0,0.12,0.474,25.23333,"June 29, 10",0.00474
2010-06-30,25.19,25.29,25.0,25.06,21933800.0,21933800.0,0.13,0.516,25.11667,"June 30, 10",0.00516
2010-07-01,25.15,25.15,24.74,25.01,26030800.0,26030800.0,0.14,0.557,24.96667,"July 01, 10",0.00557
2010-07-02,25.11,25.23,24.92,25.03,16270200.0,16270200.0,0.08,0.319,25.06,"July 02, 10",0.00319
2010-07-06,25.3,25.34,25.01,25.22,18338200.0,18338200.0,0.08,0.316,25.19,"July 06, 10",0.00316
2010-07-07,25.27,25.8,25.15,25.74,23480000.0,23480000.0,-0.47,-1.86,25.56333,"July 07, 10",-0.0186
2010-07-08,25.84,26.22,25.78,26.21,21562600.0,21562600.0,-0.37,-1.432,26.07,"July 08, 10",-0.01432
2010-07-09,26.18,26.25,26.04,26.2,12948000.0,12948000.0,-0.02,-0.076,26.16333,"July 09, 10",-0.00076
2010-07-12,26.08,26.24,25.98,26.23,10770600.0,10770600.0,-0.15,-0.575,26.15,"July 12, 10",-0.00575
2010-07-13,26.37,26.48,26.3,26.36,13706400.0,13706400.0,0.01,0.038,26.38,"July 13, 10",0.00038
2010-07-14,26.28,26.46,26.21,26.41,12392600.0,12392600.0,-0.13,-0.495,26.36,"July 14, 10",-0.00495
2010-07-15,26.36,26.48,26.16,26.42,14970600.0,14970600.0,-0.06,-0.228,26.35333,"July 15, 10",-0.00228
2010-07-16,26.39,26.54,26.11,26.18,19563800.0,19563800.0,0.21,0.796,26.27667,"July 16, 10",0.00796
2010-07-19,26.27,26.29,26.03,26.14,11367400.0,11367400.0,0.13,0.495,26.15333,"July 19, 10",0.00495
2010-07-20,25.99,26.68,25.96,26.62,19539000.0,19539000.0,-0.63,-2.424,26.42,"July 20, 10",-0.02424
2010-07-21,26.75,27.4,26.64,27.04,36364000.0,36364000.0,-0.29,-1.084,27.02667,"July 21, 10",-0.01084
2010-07-22,27.0,27.34,26.99,27.13,20692000.0,20692000.0,-0.13,-0.481,27.15333,"July 22, 10",-0.00481
2010-07-23,27.1,27.42,26.98,27.38,16177400.0,16177400.0,-0.28,-1.033,27.26,"July 23, 10",-0.01033
2010-07-26,27.42,27.49,27.35,27.47,13305800.0,13305800.0,-0.05,-0.182,27.43667,"July 26, 10",-0.00182
2010-07-27,27.46,27.63,27.41,27.53,17905400.0,17905400.0,-0.07,-0.255,27.52333,"July 27, 10",-0.00255
2010-07-28,27.53,27.6,27.39,27.44,12954800.0,12954800.0,0.09,0.327,27.47667,"July 28, 10",0.00327
2010-07-29,27.54,27.66,27.33,27.5,18292600.0,18292600.0,0.04,0.145,27.49667,"July 29, 10",0.00145
2010-07-30,27.36,27.65,27.22,27.56,16672600.0,16672600.0,-0.2,-0.731,27.47667,"July 30, 10",-0.00731
2010-08-02,27.91,28.25,27.83,28.21,32091200.0,32091200.0,-0.3,-1.075,28.09667,"August 02, 10",-0.01075
2010-08-03,28.14,28.26,28.03,28.19,15427400.0,15427400.0,-0.05,-0.178,28.16,"August 03, 10",-0.00178
2010-08-04,28.26,28.35,28.11,28.28,11974400.0,11974400.0,-0.02,-0.071,28.24667,"August 04, 10",-0.00071
2010-08-05,28.21,28.21,27.9,28.18,15099800.0,15099800.0,0.03,0.106,28.09667,"August 05, 10",0.00106
2010-08-06,28.05,28.4,27.83,28.38,18090600.0,18090600.0,-0.33,-1.176,28.20333,"August 06, 10",-0.01176
2010-08-09,28.18,28.7,28.18,28.56,18731000.0,18731000.0,-0.38,-1.348,28.48,"August 09, 10",-0.01348
2010-08-10,28.32,28.7,28.26,28.49,15376000.0,15376000.0,-0.17,-0.6,28.48333,"August 10, 10",-0.006
2010-08-11,28.12,28.38,27.99,28.02,24302000.0,24302000.0,0.1,0.356,28.13,"August 11, 10",0.00356
2010-08-12,27.76,27.93,27.67,27.84,18782800.0,18782800.0,-0.08,-0.288,27.81333,"August 12, 10",-0.00288
2010-08-13,27.82,27.99,27.68,27.87,14906800.0,14906800.0,-0.05,-0.18,27.84667,"August 13, 10",-0.0018
2010-08-16,27.75,27.97,27.56,27.94,13958400.0,13958400.0,-0.19,-0.685,27.82333,"August 16, 10",-0.00685
2010-08-17,28.01,28.21,27.75,28.06,18060600.0,18060600.0,-0.05,-0.179,28.00667,"August 17, 10",-0.00179
2010-08-18,28.06,28.06,27.81,27.92,16616800.0,16616800.0,0.14,0.499,27.93,"August 18, 10",0.00499
2010-08-19,27.87,27.87,27.49,27.64,18781400.0,18781400.0,0.23,0.825,27.66667,"August 19, 10",0.00825
2010-08-20,27.46,27.72,27.46,27.65,19263200.0,19263200.0,-0.19,-0.692,27.61,"August 20, 10",-0.00692
2010-08-23,27.75,27.93,27.71,27.8,15240000.0,15240000.0,-0.05,-0.18,27.81333,"August 23, 10",-0.0018
2010-08-24,27.58,27.97,27.58,27.83,24366400.0,24366400.0,-0.25,-0.906,27.79333,"August 24, 10",-0.00906
2010-08-25,27.71,27.86,27.53,27.7,15853800.0,15853800.0,0.01,0.036,27.69667,"August 25, 10",0.00036
2010-08-26,27.72,27.76,27.49,27.58,14817400.0,14817400.0,0.14,0.505,27.61,"August 26, 10",0.00505
2010-08-27,27.72,28.1,27.51,28.08,19665600.0,19665600.0,-0.36,-1.299,27.89667,"August 27, 10",-0.01299
2010-08-30,28.1,28.12,27.75,27.78,10220000.0,10220000.0,0.32,1.139,27.88333,"August 30, 10",0.01139
2010-08-31,27.6,28.02,27.5,27.94,18567800.0,18567800.0,-0.34,-1.232,27.82,"August 31, 10",-0.01232
2010-09-01,28.19,28.66,28.14,28.66,24166000.0,24166000.0,-0.47,-1.667,28.48667,"September 01, 10",-0.01667
2010-09-02,28.71,28.71,28.43,28.69,14701200.0,14701200.0,0.02,0.07,28.61,"September 02, 10",0.0007
2010-09-03,28.68,28.8,28.55,28.78,14865400.0,14865400.0,-0.1,-0.349,28.71,"September 03, 10",-0.00349
2010-09-07,28.76,28.91,28.7,28.82,14392200.0,14392200.0,-0.06,-0.209,28.81,"September 07, 10",-0.00209
2010-09-08,28.87,29.11,28.85,28.92,18378800.0,18378800.0,-0.05,-0.173,28.96,"September 08, 10",-0.00173
2010-09-09,29.12,29.25,28.91,29.15,18106600.0,18106600.0,-0.03,-0.103,29.10333,"September 09, 10",-0.00103
2010-09-10,29.14,29.32,29.0,29.26,18445600.0,18445600.0,-0.12,-0.412,29.19333,"September 10, 10",-0.00412
2010-09-13,29.24,29.25,28.88,29.01,18019600.0,18019600.0,0.23,0.787,29.04667,"September 13, 10",0.00787
2010-09-14,28.92,29.06,28.78,28.8,20985200.0,20985200.0,0.12,0.415,28.88,"September 14, 10",0.00415
2010-09-15,28.68,28.8,28.61,28.71,17402400.0,17402400.0,-0.03,-0.105,28.70667,"September 15, 10",-0.00105
2010-09-16,28.7,28.84,28.63,28.75,16574000.0,16574000.0,-0.05,-0.174,28.74,"September 16, 10",-0.00174
2010-09-17,28.83,28.99,28.71,28.78,19971200.0,19971200.0,0.05,0.173,28.82667,"September 17, 10",0.00173
2010-09-20,28.81,29.0,28.78,28.99,14062200.0,14062200.0,-0.18,-0.625,28.92333,"September 20, 10",-0.00625
2010-09-21,28.91,29.1,28.83,29.06,14754000.0,14754000.0,-0.15,-0.519,28.99667,"September 21, 10",-0.00519
2010-09-22,29.08,29.26,29.05,29.12,15176000.0,15176000.0,-0.04,-0.138,29.14333,"September 22, 10",-0.00138
2010-09-23,29.01,29.15,28.86,28.93,12696000.0,12696000.0,0.08,0.276,28.98,"September 23, 10",0.00276
2010-09-24,29.16,29.4,29.12,29.31,13812000.0,13812000.0,-0.15,-0.514,29.27667,"September 24, 10",-0.00514
2010-09-27,29.38,29.43,29.28,29.3,10544400.0,10544400.0,0.08,0.272,29.33667,"September 27, 10",0.00272
2010-09-28,29.3,29.62,29.18,29.55,19884000.0,19884000.0,-0.25,-0.853,29.45,"September 28, 10",-0.00853
2010-09-29,29.5,29.5,29.21,29.38,15742000.0,15742000.0,0.12,0.407,29.36333,"September 29, 10",0.00407
2010-09-30,29.43,29.58,29.13,29.26,15849600.0,15849600.0,0.17,0.578,29.32333,"September 30, 10",0.00578
2010-10-01,29.52,29.62,29.26,29.56,16454400.0,16454400.0,-0.04,-0.136,29.48,"October 01, 10",-0.00136
2010-10-04,29.47,29.52,29.28,29.44,11523800.0,11523800.0,0.03,0.102,29.41333,"October 04, 10",0.00102
2010-10-05,29.58,29.86,29.5,29.83,20063000.0,20063000.0,-0.25,-0.845,29.73,"October 05, 10",-0.00845
2010-10-06,29.82,29.91,29.68,29.9,14123400.0,14123400.0,-0.08,-0.268,29.83,"October 06, 10",-0.00268
2010-10-07,29.83,29.84,29.6,29.72,14960800.0,14960800.0,0.11,0.369,29.72,"October 07, 10",0.00369
2010-10-08,29.74,29.85,29.53,29.71,16189400.0,16189400.0,0.03,0.101,29.69667,"October 08, 10",0.00101
2010-10-11,29.78,29.81,29.67,29.78,12997000.0,12997000.0,0.0,0.0,29.75333,"October 11, 10",0.0
2010-10-12,29.67,29.9,29.67,29.8,16164400.0,16164400.0,-0.13,-0.438,29.79,"October 12, 10",-0.00438
2010-10-13,29.86,29.99,29.83,29.97,24011000.0,24011000.0,-0.11,-0.368,29.93,"October 13, 10",-0.00368
2010-10-14,29.97,29.99,29.84,29.96,14491600.0,14491600.0,0.01,0.033,29.93,"October 14, 10",0.00033
2010-10-15,29.98,29.99,29.87,29.97,19697600.0,19697600.0,0.01,0.033,29.94333,"October 15, 10",0.00033
2010-10-18,29.91,30.0,29.9,30.0,19661800.0,19661800.0,-0.09,-0.301,29.96667,"October 18, 10",-0.00301
2010-10-19,29.98,30.24,29.92,30.17,35052800.0,35052800.0,-0.19,-0.634,30.11,"October 19, 10",-0.00634
2010-10-20,30.18,30.84,30.18,30.58,32398000.0,32398000.0,-0.4,-1.325,30.53333,"October 20, 10",-0.01325
2010-10-21,30.5,30.88,30.5,30.74,23266400.0,23266400.0,-0.24,-0.787,30.70667,"October 21, 10",-0.00787
2010-10-22,30.75,30.87,30.72,30.81,9534600.0,9534600.0,-0.06,-0.195,30.8,"October 22, 10",-0.00195
2010-10-25,30.65,30.88,30.5,30.5,21228200.0,21228200.0,0.15,0.489,30.62667,"October 25, 10",0.00489
2010-10-26,30.4,30.68,30.39,30.62,15502200.0,15502200.0,-0.22,-0.724,30.56333,"October 26, 10",-0.00724
2010-10-27,30.51,30.6,30.15,30.59,19029400.0,19029400.0,-0.08,-0.262,30.44667,"October 27, 10",-0.00262
2010-10-28,30.64,30.78,30.44,30.61,16533600.0,16533600.0,0.03,0.098,30.61,"October 28, 10",0.00098
2010-10-29,30.58,30.75,30.51,30.66,14239600.0,14239600.0,-0.08,-0.262,30.64,"October 29, 10",-0.00262
2010-11-01,30.68,30.98,30.61,30.86,17996800.0,17996800.0,-0.18,-0.587,30.81667,"November 01, 10",-0.00587
2010-11-02,30.9,30.97,30.89,30.93,13196000.0,13196000.0,-0.03,-0.097,30.93,"November 02, 10",-0.00097
2010-11-03,30.92,30.98,30.64,30.98,15687400.0,15687400.0,-0.06,-0.194,30.86667,"November 03, 10",-0.00194
2010-11-04,30.97,31.33,30.94,31.23,27487000.0,27487000.0,-0.26,-0.84,31.16667,"November 04, 10",-0.0084
2010-11-05,31.21,31.33,31.0,31.29,16013800.0,16013800.0,-0.08,-0.256,31.20667,"November 05, 10",-0.00256
2010-11-08,31.25,31.29,31.15,31.23,11142200.0,11142200.0,0.02,0.064,31.22333,"November 08, 10",0.00064
2010-11-09,31.25,31.36,31.17,31.32,16637600.0,16637600.0,-0.07,-0.224,31.28333,"November 09, 10",-0.00224
2010-11-10,31.28,31.32,31.15,31.28,18013800.0,18013800.0,0.0,0.0,31.25,"November 10, 10",0.0
2010-11-11,31.25,31.4,31.18,31.4,16253600.0,16253600.0,-0.15,-0.48,31.32667,"November 11, 10",-0.0048
2010-11-12,31.36,31.48,31.2,31.46,20022800.0,20022800.0,-0.1,-0.319,31.38,"November 12, 10",-0.00319
2010-11-15,31.45,31.67,31.41,31.48,22949400.0,22949400.0,-0.03,-0.095,31.52,"November 15, 10",-0.00095
2010-11-16,31.46,31.49,30.91,31.04,23609000.0,23609000.0,0.42,1.335,31.14667,"November 16, 10",0.01335
2010-11-17,31.07,31.36,31.05,31.26,16749200.0,16749200.0,-0.19,-0.612,31.22333,"November 17, 10",-0.00612
2010-11-18,31.44,31.98,31.42,31.92,41436000.0,41436000.0,-0.48,-1.527,31.77333,"November 18, 10",-0.01527
2010-11-19,31.8,32.17,31.78,32.16,40774800.0,40774800.0,-0.36,-1.132,32.03667,"November 19, 10",-0.01132
2010-11-22,32.03,32.15,31.79,32.13,33680600.0,33680600.0,-0.1,-0.312,32.02333,"November 22, 10",-0.00312
2010-11-23,31.97,32.0,31.64,31.81,17662200.0,17662200.0,0.16,0.5,31.81667,"November 23, 10",0.005
2010-11-24,31.92,32.31,31.91,32.31,16093000.0,16093000.0,-0.39,-1.222,32.17667,"November 24, 10",-0.01222
2010-11-26,32.06,32.19,32.0,32.06,9016800.0,9016800.0,0.0,0.0,32.08333,"November 26, 10",0.0
2010-11-29,31.78,31.83,31.43,31.7,22397800.0,22397800.0,0.08,0.252,31.65333,"November 29, 10",0.00252
2010-11-30,31.48,31.79,31.46,31.58,23550600.0,23550600.0,-0.1,-0.318,31.61,"November 30, 10",-0.00318
2010-12-01,31.97,32.4,31.92,32.35,20951600.0,20951600.0,-0.38,-1.189,32.22333,"December 01, 10",-0.01189
2010-12-02,32.33,32.48,32.26,32.45,22773600.0,22773600.0,-0.12,-0.371,32.39667,"December 02, 10",-0.00371
2010-12-03,32.4,32.47,32.24,32.25,20677800.0,20677800.0,0.15,0.463,32.32,"December 03, 10",0.00463
2010-12-06,32.19,32.24,32.0,32.0,22221600.0,22221600.0,0.19,0.59,32.08,"December 06, 10",0.0059
2010-12-07,32.2,32.29,32.06,32.07,19714600.0,19714600.0,0.13,0.404,32.14,"December 07, 10",0.00404
2010-12-08,32.04,32.22,32.04,32.2,18226600.0,18226600.0,-0.16,-0.499,32.15333,"December 08, 10",-0.00499
2010-12-09,32.31,32.46,32.28,32.42,19622400.0,19622400.0,-0.11,-0.34,32.38667,"December 09, 10",-0.0034
2010-12-10,32.44,32.45,32.14,32.33,17909400.0,17909400.0,0.11,0.339,32.30667,"December 10, 10",0.00339
2010-12-13,32.2,32.49,32.15,32.42,18748400.0,18748400.0,-0.22,-0.683,32.35333,"December 13, 10",-0.00683
2010-12-14,32.42,32.44,31.85,31.95,27936800.0,27936800.0,0.47,1.45,32.08,"December 14, 10",0.0145
2010-12-15,31.95,32.47,31.88,32.37,26126600.0,26126600.0,-0.42,-1.315,32.24,"December 15, 10",-0.01315
2010-12-16,32.42,32.72,32.35,32.67,28817200.0,28817200.0,-0.25,-0.771,32.58,"December 16, 10",-0.00771
2010-12-17,32.51,32.88,32.42,32.85,29294200.0,29294200.0,-0.34,-1.046,32.71667,"December 17, 10",-0.01046
2010-12-20,32.73,32.87,32.6,32.65,18271400.0,18271400.0,0.08,0.244,32.70667,"December 20, 10",0.00244
2010-12-21,32.67,32.8,32.58,32.74,18720200.0,18720200.0,-0.07,-0.214,32.70667,"December 21, 10",-0.00214
2010-12-22,32.71,32.79,32.51,32.79,15419800.0,15419800.0,-0.08,-0.245,32.69667,"December 22, 10",-0.00245
2010-12-23,32.76,32.94,32.74,32.79,13063600.0,13063600.0,-0.03,-0.092,32.82333,"December 23, 10",-0.00092
2010-12-27,32.78,32.78,32.53,32.54,9923800.0,9923800.0,0.24,0.732,32.61667,"December 27, 10",0.00732
2010-12-28,32.56,32.72,32.53,32.68,9861600.0,9861600.0,-0.12,-0.369,32.64333,"December 28, 10",-0.00369
2010-12-29,32.7,32.83,32.67,32.72,8747200.0,8747200.0,-0.02,-0.061,32.74,"December 29, 10",-0.00061
2010-12-30,32.72,32.8,32.68,32.75,9285800.0,9285800.0,-0.03,-0.092,32.74333,"December 30, 10",-0.00092
2010-12-31,32.68,32.9,32.68,32.88,10773400.0,10773400.0,-0.2,-0.612,32.82,"December 31, 10",-0.00612
2011-01-03,32.94,32.94,32.56,32.61,18945600.0,18945600.0,0.33,1.002,32.70333,"January 03, 11",0.01002
2011-01-04,32.51,32.6,31.91,31.93,27940400.0,27940400.0,0.58,1.784,32.14667,"January 04, 11",0.01784
2011-01-05,31.9,31.98,31.43,31.75,34379000.0,34379000.0,0.15,0.47,31.72,"January 05, 11",0.0047
2011-01-06,31.81,31.83,31.42,31.51,21712400.0,21712400.0,0.3,0.943,31.58667,"January 06, 11",0.00943
2011-01-07,31.39,31.5,31.28,31.46,16592800.0,16592800.0,-0.07,-0.223,31.41333,"January 07, 11",-0.00223
2011-01-10,31.35,31.6,31.28,31.53,14904600.0,14904600.0,-0.18,-0.574,31.47,"January 10, 11",-0.00574
2011-01-11,31.67,31.71,31.33,31.34,15504000.0,15504000.0,0.33,1.042,31.46,"January 11, 11",0.01042
2011-01-12,31.61,31.68,31.35,31.52,14223200.0,14223200.0,0.09,0.285,31.51667,"January 12, 11",0.00285
2011-01-13,31.63,31.93,31.57,31.7,17947600.0,17947600.0,-0.07,-0.221,31.73333,"January 13, 11",-0.00221
2011-01-14,31.68,31.68,31.49,31.57,12631400.0,12631400.0,0.11,0.347,31.58,"January 14, 11",0.00347
2011-01-18,31.61,31.87,31.58,31.74,16344000.0,16344000.0,-0.13,-0.411,31.73,"January 18, 11",-0.00411
2011-01-19,31.84,31.96,31.59,31.71,18326800.0,18326800.0,0.13,0.408,31.75333,"January 19, 11",0.00408
2011-01-20,31.81,31.94,31.38,31.47,20580000.0,20580000.0,0.34,1.069,31.59667,"January 20, 11",0.01069
2011-01-21,31.59,31.6,31.36,31.39,16708200.0,16708200.0,0.2,0.633,31.45,"January 21, 11",0.00633
2011-01-24,31.43,31.64,31.34,31.63,15062800.0,15062800.0,-0.2,-0.636,31.53667,"January 24, 11",-0.00636
2011-01-25,31.61,31.66,31.27,31.48,18195800.0,18195800.0,0.13,0.411,31.47,"January 25, 11",0.00411
2011-01-26,31.58,31.65,31.43,31.48,13657000.0,13657000.0,0.1,0.317,31.52,"January 26, 11",0.00317
2011-01-27,31.59,31.61,31.32,31.35,13520400.0,13520400.0,0.24,0.76,31.42667,"January 27, 11",0.0076
2011-01-28,31.42,31.64,31.07,31.11,23842400.0,23842400.0,0.31,0.987,31.27333,"January 28, 11",0.00987
2011-01-31,31.16,31.42,30.95,31.42,15717800.0,15717800.0,-0.26,-0.834,31.26333,"January 31, 11",-0.00834
2011-02-01,31.44,31.66,31.42,31.53,16028000.0,16028000.0,-0.09,-0.286,31.53667,"February 01, 11",-0.00286
2011-02-02,31.58,31.74,31.28,31.43,15595200.0,15595200.0,0.15,0.475,31.48333,"February 02, 11",0.00475
2011-02-03,31.35,31.49,31.07,31.29,12997400.0,12997400.0,0.06,0.191,31.28333,"February 03, 11",0.00191
2011-02-04,31.33,31.43,31.18,31.28,9374600.0,9374600.0,0.05,0.16,31.29667,"February 04, 11",0.0016
2011-02-07,31.33,31.33,31.16,31.26,12012800.0,12012800.0,0.07,0.223,31.25,"February 07, 11",0.00223
2011-02-08,31.22,31.46,31.17,31.43,13056800.0,13056800.0,-0.21,-0.673,31.35333,"February 08, 11",-0.00673
2011-02-09,32.05,32.38,31.43,31.58,29979600.0,29979600.0,0.47,1.466,31.79667,"February 09, 11",0.01466
2011-02-10,31.58,31.77,31.41,31.77,18352400.0,18352400.0,-0.19,-0.602,31.65,"February 10, 11",-0.00602
2011-02-11,31.62,31.83,31.56,31.79,19098000.0,19098000.0,-0.17,-0.538,31.72667,"February 11, 11",-0.00538
2011-02-14,31.83,31.88,31.5,31.57,12122600.0,12122600.0,0.26,0.817,31.65,"February 14, 11",0.00817
2011-02-15,31.46,31.61,31.28,31.59,16289200.0,16289200.0,-0.13,-0.413,31.49333,"February 15, 11",-0.00413
2011-02-16,31.54,31.75,31.44,31.7,12992800.0,12992800.0,-0.16,-0.507,31.63,"February 16, 11",-0.00507
2011-02-17,31.69,32.36,31.64,32.28,18450600.0,18450600.0,-0.59,-1.862,32.09333,"February 17, 11",-0.01862
2011-02-18,32.3,32.33,32.06,32.28,24652400.0,24652400.0,0.02,0.062,32.22333,"February 18, 11",0.00062
2011-02-22,31.68,32.13,31.67,31.88,17950200.0,17950200.0,-0.2,-0.631,31.89333,"February 22, 11",-0.00631
2011-02-23,31.89,32.17,31.85,31.96,18192200.0,18192200.0,-0.07,-0.22,31.99333,"February 23, 11",-0.0022
2011-02-24,32.1,32.19,31.86,31.94,17057000.0,17057000.0,0.16,0.498,31.99667,"February 24, 11",0.00498
2011-02-25,31.89,32.2,31.86,32.15,11435400.0,11435400.0,-0.26,-0.815,32.07,"February 25, 11",-0.00815
2011-02-28,32.08,32.24,31.93,31.96,19370000.0,19370000.0,0.12,0.374,32.04333,"February 28, 11",0.00374
2011-03-01,32.14,32.63,32.1,32.46,31084000.0,31084000.0,-0.32,-0.996,32.39667,"March 01, 11",-0.00996
2011-03-02,32.29,32.41,32.06,32.22,20776000.0,20776000.0,0.07,0.217,32.23,"March 02, 11",0.00217
2011-03-03,32.4,32.94,32.39,32.79,29005800.0,29005800.0,-0.39,-1.204,32.70667,"March 03, 11",-0.01204
2011-03-04,32.7,32.78,32.38,32.61,23050800.0,23050800.0,0.09,0.275,32.59,"March 04, 11",0.00275
2011-03-07,32.66,32.87,32.24,32.61,23630000.0,23630000.0,0.05,0.153,32.57333,"March 07, 11",0.00153
2011-03-08,32.7,32.92,32.61,32.82,20717600.0,20717600.0,-0.12,-0.367,32.78333,"March 08, 11",-0.00367
2011-03-09,32.76,32.84,32.63,32.81,14819200.0,14819200.0,-0.05,-0.153,32.76,"March 09, 11",-0.00153
2011-03-10,32.63,32.77,32.49,32.65,17761800.0,17761800.0,-0.02,-0.061,32.63667,"March 10, 11",-0.00061
2011-03-11,32.46,32.56,32.24,32.4,12006400.0,12006400.0,0.06,0.185,32.4,"March 11, 11",0.00185
2011-03-14,32.17,32.31,31.76,31.97,17802600.0,17802600.0,0.2,0.622,32.01333,"March 14, 11",0.00622
2011-03-15,31.48,31.64,31.17,31.51,25421200.0,25421200.0,-0.03,-0.095,31.44,"March 15, 11",-0.00095
2011-03-16,31.34,31.43,30.65,30.8,31957200.0,31957200.0,0.54,1.723,30.96,"March 16, 11",0.01723
2011-03-17,31.22,31.4,30.96,31.14,20128800.0,20128800.0,0.08,0.256,31.16667,"March 17, 11",0.00256
2011-03-18,31.49,31.65,31.23,31.35,23653000.0,23653000.0,0.14,0.445,31.41,"March 18, 11",0.00445
2011-03-21,31.57,31.93,31.53,31.79,12545600.0,12545600.0,-0.22,-0.697,31.75,"March 21, 11",-0.00697
2011-03-22,31.84,31.89,31.63,31.75,8418800.0,8418800.0,0.09,0.283,31.75667,"March 22, 11",0.00283
2011-03-23,31.65,32.26,31.63,32.13,12962600.0,12962600.0,-0.48,-1.517,32.00667,"March 23, 11",-0.01517
2011-03-24,32.29,32.54,32.28,32.35,13312800.0,13312800.0,-0.06,-0.186,32.39,"March 24, 11",-0.00186
2011-03-25,32.44,32.7,32.41,32.61,12419400.0,12419400.0,-0.17,-0.524,32.57333,"March 25, 11",-0.00524
2011-03-28,32.6,32.74,32.51,32.51,11600200.0,11600200.0,0.09,0.276,32.58667,"March 28, 11",0.00276
2011-03-29,32.6,32.87,32.54,32.86,11569600.0,11569600.0,-0.26,-0.798,32.75667,"March 29, 11",-0.00798
2011-03-30,32.86,33.24,32.81,33.02,18826200.0,18826200.0,-0.16,-0.487,33.02333,"March 30, 11",-0.00487
2011-03-31,32.98,33.42,32.98,33.17,17723000.0,17723000.0,-0.19,-0.576,33.19,"March 31, 11",-0.00576
2011-04-01,33.45,33.74,33.3,33.61,18720200.0,18720200.0,-0.16,-0.478,33.55,"April 01, 11",-0.00478
2011-04-04,33.61,33.9,33.58,33.83,13485600.0,13485600.0,-0.22,-0.655,33.77,"April 04, 11",-0.00655
2011-04-05,33.75,33.88,33.65,33.74,12470200.0,12470200.0,0.01,0.03,33.75667,"April 05, 11",0.0003
2011-04-06,33.78,33.91,33.61,33.81,14099800.0,14099800.0,-0.03,-0.089,33.77667,"April 06, 11",-0.00089
2011-04-07,33.72,33.88,33.47,33.72,12734600.0,12734600.0,0.0,0.0,33.69,"April 07, 11",0.0
2011-04-08,33.7,33.82,33.43,33.63,11201800.0,11201800.0,0.07,0.208,33.62667,"April 08, 11",0.00208
2011-04-11,33.63,33.92,33.4,33.7,14664000.0,14664000.0,-0.07,-0.208,33.67333,"April 11, 11",-0.00208
2011-04-12,33.49,33.56,33.21,33.45,16587400.0,16587400.0,0.04,0.119,33.40667,"April 12, 11",0.00119
2011-04-13,33.62,33.74,33.49,33.64,8497400.0,8497400.0,-0.02,-0.059,33.62333,"April 13, 11",-0.00059
2011-04-14,33.67,34.24,33.54,34.15,23879600.0,23879600.0,-0.48,-1.426,33.97667,"April 14, 11",-0.01426
2011-04-15,34.17,34.17,33.94,34.01,17532200.0,17532200.0,0.16,0.468,34.04,"April 15, 11",0.00468
2011-04-18,33.79,33.83,33.32,33.65,16104600.0,16104600.0,0.14,0.414,33.6,"April 18, 11",0.00414
2011-04-19,33.61,33.75,33.47,33.54,10701800.0,10701800.0,0.07,0.208,33.58667,"April 19, 11",0.00208
2011-04-20,33.95,34.03,33.81,33.92,12817800.0,12817800.0,0.03,0.088,33.92,"April 20, 11",0.00088
2011-04-21,33.95,34.08,33.74,33.94,10948800.0,10948800.0,0.01,0.029,33.92,"April 21, 11",0.00029
2011-04-25,33.97,33.99,33.66,33.87,10709200.0,10709200.0,0.1,0.294,33.84,"April 25, 11",0.00294
2011-04-26,33.32,33.51,32.9,33.47,32800000.0,32800000.0,-0.15,-0.45,33.29333,"April 26, 11",-0.0045
2011-04-27,33.69,33.71,33.28,33.5,16872600.0,16872600.0,0.19,0.564,33.49667,"April 27, 11",0.00564
2011-04-28,33.47,33.72,33.33,33.71,14084400.0,14084400.0,-0.24,-0.717,33.58667,"April 28, 11",-0.00717
2011-04-29,33.78,33.88,33.63,33.73,14824200.0,14824200.0,0.05,0.148,33.74667,"April 29, 11",0.00148
2011-05-02,33.88,33.93,33.79,33.86,12514200.0,12514200.0,0.02,0.059,33.86,"May 02, 11",0.00059
2011-05-03,33.86,33.95,33.79,33.94,10542400.0,10542400.0,-0.08,-0.236,33.89333,"May 03, 11",-0.00236
2011-05-04,33.93,33.97,33.6,33.73,13529000.0,13529000.0,0.2,0.589,33.76667,"May 04, 11",0.00589
2011-05-05,33.85,33.87,33.2,33.35,14206200.0,14206200.0,0.5,1.477,33.47333,"May 05, 11",0.01477
2011-05-06,33.72,33.79,33.37,33.45,17042600.0,17042600.0,0.27,0.801,33.53667,"May 06, 11",0.00801
2011-05-09,33.43,33.64,33.42,33.47,8884200.0,8884200.0,-0.04,-0.12,33.51,"May 09, 11",-0.0012
2011-05-10,33.5,33.73,33.49,33.67,11111800.0,11111800.0,-0.17,-0.507,33.63,"May 10, 11",-0.00507
2011-05-11,33.65,33.83,33.45,33.66,11215400.0,11215400.0,-0.01,-0.03,33.64667,"May 11, 11",-0.0003
2011-05-12,33.68,34.22,33.58,34.15,17097400.0,17097400.0,-0.47,-1.395,33.98333,"May 12, 11",-0.01395
2011-05-13,34.13,34.38,34.01,34.09,16011000.0,16011000.0,0.04,0.117,34.16,"May 13, 11",0.00117
2011-05-16,34.05,34.12,33.86,33.92,12364600.0,12364600.0,0.13,0.382,33.96667,"May 16, 11",0.00382
2011-05-17,33.87,34.09,33.75,33.99,13276400.0,13276400.0,-0.12,-0.354,33.94333,"May 17, 11",-0.00354
2011-05-18,34.0,34.17,33.83,34.15,13418000.0,13418000.0,-0.15,-0.441,34.05,"May 18, 11",-0.00441
2011-05-19,34.21,34.35,34.01,34.23,12960200.0,12960200.0,-0.02,-0.058,34.19667,"May 19, 11",-0.00058
2011-05-20,34.16,34.26,33.95,34.15,12970600.0,12970600.0,0.01,0.029,34.12,"May 20, 11",0.00029
2011-05-23,33.79,33.95,33.59,33.74,13230200.0,13230200.0,0.05,0.148,33.76,"May 23, 11",0.00148
2011-05-24,33.83,33.89,33.61,33.74,10881000.0,10881000.0,0.09,0.266,33.74667,"May 24, 11",0.00266
2011-05-25,33.64,33.75,33.41,33.46,13132000.0,13132000.0,0.18,0.535,33.54,"May 25, 11",0.00535
2011-05-26,33.37,33.46,33.15,33.35,14872400.0,14872400.0,0.02,0.06,33.32,"May 26, 11",0.0006
2011-05-27,33.44,33.58,33.24,33.26,9097400.0,9097400.0,0.18,0.538,33.36,"May 27, 11",0.00538
2011-05-31,33.47,33.62,33.32,33.4,20294000.0,20294000.0,0.07,0.209,33.44667,"May 31, 11",0.00209
2011-06-01,33.3,33.59,33.3,33.38,14883000.0,14883000.0,-0.08,-0.24,33.42333,"June 01, 11",-0.0024
2011-06-02,33.33,33.38,32.81,33.02,14264200.0,14264200.0,0.31,0.93,33.07,"June 02, 11",0.0093
2011-06-03,32.63,32.92,32.61,32.76,12937800.0,12937800.0,-0.13,-0.398,32.76333,"June 03, 11",-0.00398
2011-06-06,32.76,32.88,32.68,32.71,10445400.0,10445400.0,0.05,0.153,32.75667,"June 06, 11",0.00153
2011-06-07,32.76,32.86,32.59,32.6,11522000.0,11522000.0,0.16,0.488,32.68333,"June 07, 11",0.00488
2011-06-08,32.62,32.76,32.54,32.7,11753000.0,11753000.0,-0.08,-0.245,32.66667,"June 08, 11",-0.00245
2011-06-09,32.72,33.16,32.63,32.95,13112000.0,13112000.0,-0.23,-0.703,32.91333,"June 09, 11",-0.00703
2011-06-10,32.84,32.91,32.62,32.7,14003200.0,14003200.0,0.14,0.426,32.74333,"June 10, 11",0.00426
2011-06-13,32.55,32.63,32.4,32.56,19081600.0,19081600.0,-0.01,-0.031,32.53,"June 13, 11",-0.00031
2011-06-14,32.7,32.92,32.65,32.81,14045000.0,14045000.0,-0.11,-0.336,32.79333,"June 14, 11",-0.00336
2011-06-15,32.71,32.75,32.32,32.49,16378400.0,16378400.0,0.22,0.673,32.52,"June 15, 11",0.00673
2011-06-16,32.49,32.88,32.4,32.74,15538800.0,15538800.0,-0.25,-0.769,32.67333,"June 16, 11",-0.00769
2011-06-17,32.94,33.12,32.81,32.81,21317400.0,21317400.0,0.13,0.395,32.91333,"June 17, 11",0.00395
2011-06-20,32.69,33.07,32.69,32.92,11091800.0,11091800.0,-0.23,-0.704,32.89333,"June 20, 11",-0.00704
2011-06-21,33.06,33.15,32.88,33.13,14265000.0,14265000.0,-0.07,-0.212,33.05333,"June 21, 11",-0.00212
2011-06-22,33.15,33.41,33.06,33.2,15701200.0,15701200.0,-0.05,-0.151,33.22333,"June 22, 11",-0.00151
2011-06-23,32.97,32.99,32.22,32.49,26467800.0,26467800.0,0.48,1.456,32.56667,"June 23, 11",0.01456
2011-06-24,32.54,32.69,32.36,32.47,32073800.0,32073800.0,0.07,0.215,32.50667,"June 24, 11",0.00215
2011-06-27,32.42,32.73,32.42,32.61,14777600.0,14777600.0,-0.19,-0.586,32.58667,"June 27, 11",-0.00586
2011-06-28,32.76,33.05,32.67,33.01,12932400.0,12932400.0,-0.25,-0.763,32.91,"June 28, 11",-0.00763
2011-06-29,33.1,33.42,33.09,33.36,17035400.0,17035400.0,-0.26,-0.785,33.29,"June 29, 11",-0.00785
2011-06-30,33.49,33.74,33.41,33.65,15594600.0,15594600.0,-0.16,-0.478,33.6,"June 30, 11",-0.00478
2011-07-01,33.51,34.04,33.51,34.04,16487000.0,16487000.0,-0.53,-1.582,33.86333,"July 01, 11",-0.01582
2011-07-05,34.04,34.4,34.04,34.15,14801200.0,14801200.0,-0.11,-0.323,34.19667,"July 05, 11",-0.00323
2011-07-06,34.15,34.38,34.15,34.26,11486000.0,11486000.0,-0.11,-0.322,34.26333,"July 06, 11",-0.00322
2011-07-07,34.41,34.45,34.29,34.38,12423400.0,12423400.0,0.03,0.087,34.37333,"July 07, 11",0.00087
2011-07-08,34.17,34.34,34.06,34.34,12671600.0,12671600.0,-0.17,-0.498,34.24667,"July 08, 11",-0.00498
2011-07-11,33.88,34.14,33.86,34.05,14152400.0,14152400.0,-0.17,-0.502,34.01667,"July 11, 11",-0.00502
2011-07-12,33.99,34.22,33.87,33.92,13343400.0,13343400.0,0.07,0.206,34.00333,"July 12, 11",0.00206
2011-07-13,34.08,34.22,33.88,34.03,14688000.0,14688000.0,0.05,0.147,34.04333,"July 13, 11",0.00147
2011-07-14,33.99,34.17,33.69,33.83,15011200.0,15011200.0,0.16,0.471,33.89667,"July 14, 11",0.00471
2011-07-15,33.92,33.94,33.64,33.76,17491600.0,17491600.0,0.16,0.472,33.78,"July 15, 11",0.00472
2011-07-18,33.63,33.72,33.29,33.56,14792000.0,14792000.0,0.07,0.208,33.52333,"July 18, 11",0.00208
2011-07-19,33.85,34.89,33.76,34.66,37415400.0,37415400.0,-0.81,-2.393,34.43667,"July 19, 11",-0.02393
2011-07-20,34.63,34.67,34.4,34.44,15833800.0,15833800.0,0.19,0.549,34.50333,"July 20, 11",0.00549
2011-07-21,34.41,34.81,34.25,34.67,22086600.0,22086600.0,-0.26,-0.756,34.57667,"July 21, 11",-0.00756
2011-07-22,34.78,34.91,34.74,34.87,13323200.0,13323200.0,-0.09,-0.259,34.84,"July 22, 11",-0.00259
2011-07-25,34.56,34.78,34.51,34.63,13154800.0,13154800.0,-0.07,-0.203,34.64,"July 25, 11",-0.00203
2011-07-26,34.67,34.73,34.54,34.6,11830600.0,11830600.0,0.07,0.202,34.62333,"July 26, 11",0.00202
2011-07-27,34.38,34.63,34.27,34.35,18677600.0,18677600.0,0.03,0.087,34.41667,"July 27, 11",0.00087
2011-07-28,34.33,34.64,34.31,34.4,15270200.0,15270200.0,-0.07,-0.204,34.45,"July 28, 11",-0.00204
2011-07-29,34.18,34.42,33.95,34.01,20545600.0,20545600.0,0.17,0.497,34.12667,"July 29, 11",0.00497
2011-08-01,34.25,34.26,33.56,33.87,17654200.0,17654200.0,0.38,1.109,33.89667,"August 01, 11",0.01109
2011-08-02,33.7,33.81,33.54,33.54,18127600.0,18127600.0,0.16,0.475,33.63,"August 02, 11",0.00475
2011-08-03,33.5,34.28,33.47,34.2,28086000.0,28086000.0,-0.7,-2.09,33.98333,"August 03, 11",-0.0209
2011-08-04,33.88,34.06,32.87,32.91,32324800.0,32324800.0,0.97,2.863,33.28,"August 04, 11",0.02863
2011-08-05,33.13,33.63,32.52,33.38,43916600.0,43916600.0,-0.25,-0.755,33.17667,"August 05, 11",-0.00755
2011-08-08,33.09,33.61,32.47,32.56,50096800.0,50096800.0,0.53,1.602,32.88,"August 08, 11",0.01602
2011-08-09,32.91,33.44,31.8,33.34,43128400.0,43128400.0,-0.43,-1.307,32.86,"August 09, 11",-0.01307
2011-08-10,33.12,33.25,31.85,31.98,38237200.0,38237200.0,1.14,3.442,32.36,"August 10, 11",0.03442
2011-08-11,32.0,33.65,31.96,33.24,38406600.0,38406600.0,-1.24,-3.875,32.95,"August 11, 11",-0.03875
2011-08-12,33.38,33.88,33.2,33.57,20310400.0,20310400.0,-0.19,-0.569,33.55,"August 12, 11",-0.00569
2011-08-15,33.74,34.21,33.63,34.1,23081600.0,23081600.0,-0.36,-1.067,33.98,"August 15, 11",-0.01067
2011-08-16,33.85,34.24,33.79,34.08,21413800.0,21413800.0,-0.23,-0.679,34.03667,"August 16, 11",-0.00679
2011-08-17,34.23,34.67,34.08,34.64,23176000.0,23176000.0,-0.41,-1.198,34.46333,"August 17, 11",-0.01198
2011-08-18,34.13,34.47,33.53,33.88,39569000.0,39569000.0,0.25,0.732,33.96,"August 18, 11",0.00732
2011-08-19,33.76,34.14,33.43,33.55,30478200.0,30478200.0,0.21,0.622,33.70667,"August 19, 11",0.00622
2011-08-22,34.01,34.03,33.58,33.63,19652800.0,19652800.0,0.38,1.117,33.74667,"August 22, 11",0.01117
2011-08-23,33.74,34.53,33.66,34.53,23951200.0,23951200.0,-0.79,-2.341,34.24,"August 23, 11",-0.02341
2011-08-24,34.42,34.86,34.28,34.84,19475400.0,19475400.0,-0.42,-1.22,34.66,"August 24, 11",-0.0122
2011-08-25,34.8,34.8,33.88,33.99,25320000.0,25320000.0,0.81,2.328,34.22333,"August 25, 11",0.02328
2011-08-26,33.97,34.38,33.35,34.25,19849600.0,19849600.0,-0.28,-0.824,33.99333,"August 26, 11",-0.00824
2011-08-29,34.48,34.92,34.44,34.87,17660600.0,17660600.0,-0.39,-1.131,34.74333,"August 29, 11",-0.01131
2011-08-30,34.89,35.14,34.76,34.93,31678000.0,31678000.0,-0.04,-0.115,34.94333,"August 30, 11",-0.00115
2011-08-31,34.94,35.38,34.83,35.22,22322800.0,22322800.0,-0.28,-0.801,35.14333,"August 31, 11",-0.00801
2011-09-01,35.04,35.55,34.89,35.22,23530000.0,23530000.0,-0.18,-0.514,35.22,"September 01, 11",-0.00514
2011-09-02,34.86,34.99,34.75,34.87,17530000.0,17530000.0,-0.01,-0.029,34.87,"September 02, 11",-0.00029
2011-09-06,33.72,34.77,33.7,34.72,25784600.0,25784600.0,-1.0,-2.966,34.39667,"September 06, 11",-0.02966
2011-09-07,35.01,35.42,34.96,35.4,21287400.0,21287400.0,-0.39,-1.114,35.26,"September 07, 11",-0.01114
2011-09-08,35.33,35.88,35.28,35.58,24867600.0,24867600.0,-0.25,-0.708,35.58,"September 08, 11",-0.00708
2011-09-09,35.31,35.33,34.37,34.69,32891200.0,32891200.0,0.62,1.756,34.79667,"September 09, 11",0.01756
2011-09-12,34.22,34.77,34.1,34.69,29144200.0,29144200.0,-0.47,-1.373,34.52,"September 12, 11",-0.01373
2011-09-13,34.48,34.67,34.29,34.55,21421800.0,21421800.0,-0.07,-0.203,34.50333,"September 13, 11",-0.00203
2011-09-14,34.67,35.25,34.27,34.88,22250000.0,22250000.0,-0.21,-0.606,34.8,"September 14, 11",-0.00606
2011-09-15,34.96,35.51,34.92,35.51,21186000.0,21186000.0,-0.55,-1.573,35.31333,"September 15, 11",-0.01573
2011-09-16,35.69,35.84,35.51,35.62,34620600.0,34620600.0,0.07,0.196,35.65667,"September 16, 11",0.00196
2011-09-19,35.04,35.35,34.97,35.24,28571200.0,28571200.0,-0.2,-0.571,35.18667,"September 19, 11",-0.00571
2011-09-20,35.4,35.74,35.26,35.33,18313400.0,18313400.0,0.07,0.198,35.44333,"September 20, 11",0.00198
2011-09-21,35.42,35.54,34.63,34.64,23531000.0,23531000.0,0.78,2.202,34.93667,"September 21, 11",0.02202
2011-09-22,33.69,34.08,33.31,33.91,36341000.0,36341000.0,-0.22,-0.653,33.76667,"September 22, 11",-0.00653
2011-09-23,33.68,33.86,33.44,33.71,24284400.0,24284400.0,-0.03,-0.089,33.67,"September 23, 11",-0.00089
2011-09-26,34.01,34.45,33.83,34.38,24008200.0,24008200.0,-0.37,-1.088,34.22,"September 26, 11",-0.01088
2011-09-27,35.06,35.21,34.64,34.79,22249200.0,22249200.0,0.27,0.77,34.88,"September 27, 11",0.0077
2011-09-28,34.91,35.08,33.95,34.03,19032600.0,19032600.0,0.88,2.521,34.35333,"September 28, 11",0.02521
2011-09-29,34.46,34.82,34.1,34.53,21372600.0,21372600.0,-0.07,-0.203,34.48333,"September 29, 11",-0.00203
2011-09-30,34.22,34.55,33.78,33.78,25026200.0,25026200.0,0.44,1.286,34.03667,"September 30, 11",0.01286
2011-10-03,33.29,33.46,32.56,32.71,38471200.0,38471200.0,0.58,1.742,32.91,"October 03, 11",0.01742
2011-10-04,32.42,32.72,31.67,32.62,30800000.0,30800000.0,-0.2,-0.617,32.33667,"October 04, 11",-0.00617
2011-10-05,32.74,32.8,32.28,32.76,23037800.0,23037800.0,-0.02,-0.061,32.61333,"October 05, 11",-0.00061
2011-10-06,32.99,33.0,32.22,32.7,25205400.0,25205400.0,0.29,0.879,32.64,"October 06, 11",0.00879
2011-10-07,33.26,33.26,32.7,32.95,18857800.0,18857800.0,0.31,0.932,32.97,"October 07, 11",0.00932
2011-10-10,33.28,33.47,33.01,33.45,12354400.0,12354400.0,-0.17,-0.511,33.31,"October 10, 11",-0.00511
2011-10-11,33.37,33.6,33.29,33.4,11161000.0,11161000.0,-0.03,-0.09,33.43,"October 11, 11",-0.0009
2011-10-12,33.63,33.99,33.4,33.74,17549600.0,17549600.0,-0.11,-0.327,33.71,"October 12, 11",-0.00327
2011-10-13,33.65,33.79,33.45,33.7,12909400.0,12909400.0,-0.05,-0.149,33.64667,"October 13, 11",-0.00149
2011-10-14,34.1,34.1,33.67,33.92,13503000.0,13503000.0,0.18,0.528,33.89667,"October 14, 11",0.00528
2011-10-17,33.91,33.92,33.41,33.5,20232800.0,20232800.0,0.41,1.209,33.61,"October 17, 11",0.01209
2011-10-18,33.62,33.74,33.2,33.37,23650600.0,23650600.0,0.25,0.744,33.43667,"October 18, 11",0.00744
2011-10-19,33.49,33.91,33.44,33.51,15389400.0,15389400.0,-0.02,-0.06,33.62,"October 19, 11",-0.0006
2011-10-20,33.74,33.79,33.29,33.56,13323600.0,13323600.0,0.18,0.533,33.54667,"October 20, 11",0.00533
2011-10-21,33.97,34.16,33.73,34.1,23146600.0,23146600.0,-0.13,-0.383,33.99667,"October 21, 11",-0.00383
2011-10-24,34.2,34.33,33.81,33.94,13609200.0,13609200.0,0.26,0.76,34.02667,"October 24, 11",0.0076
2011-10-25,33.96,33.97,33.4,33.47,14228200.0,14228200.0,0.49,1.443,33.61333,"October 25, 11",0.01443
2011-10-26,33.65,33.77,33.21,33.74,16041200.0,16041200.0,-0.09,-0.267,33.57333,"October 26, 11",-0.00267
2011-10-27,34.47,34.54,34.05,34.29,26704600.0,26704600.0,0.18,0.522,34.29333,"October 27, 11",0.00522
2011-10-28,34.26,34.49,34.2,34.47,17307400.0,17307400.0,-0.21,-0.613,34.38667,"October 28, 11",-0.00613
2011-10-31,34.33,34.53,34.15,34.16,18998600.0,18998600.0,0.17,0.495,34.28,"October 31, 11",0.00495
2011-11-01,33.56,33.75,33.39,33.52,23682800.0,23682800.0,0.04,0.119,33.55333,"November 01, 11",0.00119
2011-11-02,33.71,34.03,33.67,33.88,14538600.0,14538600.0,-0.17,-0.504,33.86,"November 02, 11",-0.00504
2011-11-03,34.05,34.41,34.01,34.33,17363400.0,17363400.0,-0.28,-0.822,34.25,"November 03, 11",-0.00822
2011-11-04,33.98,34.08,33.65,33.89,15177200.0,15177200.0,0.09,0.265,33.87333,"November 04, 11",0.00265
2011-11-07,33.83,34.13,33.64,34.11,12513800.0,12513800.0,-0.28,-0.828,33.96,"November 07, 11",-0.00828
2011-11-08,34.15,34.36,33.9,34.33,12063600.0,12063600.0,-0.18,-0.527,34.19667,"November 08, 11",-0.00527
2011-11-09,33.92,33.99,33.43,33.51,18243400.0,18243400.0,0.41,1.209,33.64333,"November 09, 11",0.01209
2011-11-10,33.81,33.88,33.46,33.7,16201600.0,16201600.0,0.11,0.325,33.68,"November 10, 11",0.00325
2011-11-11,33.99,34.31,33.97,34.06,12882400.0,12882400.0,-0.07,-0.206,34.11333,"November 11, 11",-0.00206
2011-11-14,33.9,33.99,33.71,33.9,9428600.0,9428600.0,0.0,0.0,33.86667,"November 14, 11",0.0
2011-11-15,33.89,34.22,33.74,34.0,12217600.0,12217600.0,-0.11,-0.325,33.98667,"November 15, 11",-0.00325
2011-11-16,33.83,33.9,33.46,33.51,17781400.0,17781400.0,0.32,0.946,33.62333,"November 16, 11",0.00946
2011-11-17,33.47,33.7,33.05,33.31,17467200.0,17467200.0,0.16,0.478,33.35333,"November 17, 11",0.00478
2011-11-18,33.61,33.86,33.45,33.7,18688400.0,18688400.0,-0.09,-0.268,33.67,"November 18, 11",-0.00268
2011-11-21,33.35,33.44,32.7,32.97,18588200.0,18588200.0,0.38,1.139,33.03667,"November 21, 11",0.01139
2011-11-22,32.81,33.18,32.77,32.99,11787600.0,11787600.0,-0.18,-0.549,32.98,"November 22, 11",-0.00549
2011-11-23,32.73,32.75,32.4,32.44,14089600.0,14089600.0,0.29,0.886,32.53,"November 23, 11",0.00886
2011-11-25,32.58,32.68,32.37,32.37,7572600.0,7572600.0,0.21,0.645,32.47333,"November 25, 11",0.00645
2011-11-28,32.63,32.88,32.38,32.58,21318200.0,21318200.0,0.05,0.153,32.61333,"November 28, 11",0.00153
2011-11-29,32.58,33.25,32.51,33.1,21656200.0,21656200.0,-0.52,-1.596,32.95333,"November 29, 11",-0.01596
2011-11-30,33.67,33.98,33.36,33.62,25300400.0,25300400.0,0.05,0.149,33.65333,"November 30, 11",0.00149
2011-12-01,33.5,33.79,33.34,33.42,15429000.0,15429000.0,0.08,0.239,33.51667,"December 01, 11",0.00239
2011-12-02,33.73,33.78,33.08,33.19,21170400.0,21170400.0,0.54,1.601,33.35,"December 02, 11",0.01601
2011-12-05,33.47,33.6,32.94,33.15,17955200.0,17955200.0,0.32,0.956,33.23,"December 05, 11",0.00956
2011-12-06,33.24,33.51,33.07,33.34,16730800.0,16730800.0,-0.1,-0.301,33.30667,"December 06, 11",-0.00301
2011-12-07,33.28,33.54,33.1,33.39,16832800.0,16832800.0,-0.11,-0.331,33.34333,"December 07, 11",-0.00331
2011-12-08,33.35,33.62,33.28,33.37,16118200.0,16118200.0,-0.02,-0.06,33.42333,"December 08, 11",-0.0006
2011-12-09,33.56,33.88,33.46,33.79,18298200.0,18298200.0,-0.23,-0.685,33.71,"December 09, 11",-0.00685
2011-12-12,33.63,33.75,33.16,33.45,13380200.0,13380200.0,0.18,0.535,33.45333,"December 12, 11",0.00535
2011-12-13,33.54,33.63,33.15,33.24,14276200.0,14276200.0,0.3,0.894,33.34,"December 13, 11",0.00894
2011-12-14,33.13,33.46,33.04,33.13,15762200.0,15762200.0,0.0,0.0,33.21,"December 14, 11",0.0
2011-12-15,33.46,33.7,33.4,33.45,13474600.0,13474600.0,0.01,0.03,33.51667,"December 15, 11",0.0003
2011-12-16,33.74,33.86,33.63,33.72,23957200.0,23957200.0,0.02,0.059,33.73667,"December 16, 11",0.00059
2011-12-19,33.73,33.94,33.61,33.69,11762000.0,11762000.0,0.04,0.119,33.74667,"December 19, 11",0.00119
2011-12-20,33.94,34.32,33.92,34.2,15931000.0,15931000.0,-0.26,-0.766,34.14667,"December 20, 11",-0.00766
2011-12-21,34.26,34.9,34.16,34.79,18730400.0,18730400.0,-0.53,-1.547,34.61667,"December 21, 11",-0.01547
2011-12-22,34.67,34.8,34.45,34.6,15586800.0,15586800.0,0.07,0.202,34.61667,"December 22, 11",0.00202
2011-12-23,34.62,34.99,34.61,34.97,9255200.0,9255200.0,-0.35,-1.011,34.85667,"December 23, 11",-0.01011
2011-12-27,34.9,35.1,34.9,34.94,10099800.0,10099800.0,-0.04,-0.115,34.98,"December 27, 11",-0.00115
2011-12-28,34.91,35.03,34.7,34.76,8210000.0,8210000.0,0.15,0.43,34.83,"December 28, 11",0.0043
2011-12-29,34.8,35.1,34.76,35.08,8734000.0,8734000.0,-0.28,-0.805,34.98,"December 29, 11",-0.00805
2011-12-30,35.0,35.15,34.99,34.99,7862000.0,7862000.0,0.01,0.029,35.04333,"December 30, 11",0.00029
2012-01-03,35.08,35.36,35.05,35.07,15639600.0,15639600.0,0.01,0.029,35.16,"January 03, 12",0.00029
2012-01-04,34.96,35.04,34.75,34.85,14239200.0,14239200.0,0.11,0.315,34.88,"January 04, 12",0.00315
2012-01-05,34.88,34.94,34.67,34.69,14287600.0,14287600.0,0.19,0.545,34.76667,"January 05, 12",0.00545
2012-01-06,34.74,34.81,34.31,34.47,13646600.0,13646600.0,0.27,0.777,34.53,"January 06, 12",0.00777
2012-01-09,34.5,34.58,34.4,34.47,10522600.0,10522600.0,0.03,0.087,34.48333,"January 09, 12",0.00087
2012-01-10,34.74,34.76,34.56,34.67,12964400.0,12964400.0,0.07,0.201,34.66333,"January 10, 12",0.00201
2012-01-11,34.19,34.38,33.78,34.03,23428800.0,23428800.0,0.16,0.468,34.06333,"January 11, 12",0.00468
2012-01-12,34.21,34.25,33.67,33.79,15237000.0,15237000.0,0.42,1.228,33.90333,"January 12, 12",0.01228
2012-01-13,33.67,33.72,33.29,33.49,19991800.0,19991800.0,0.18,0.535,33.5,"January 13, 12",0.00535
2012-01-17,33.87,33.94,33.66,33.67,15577000.0,15577000.0,0.2,0.59,33.75667,"January 17, 12",0.0059
2012-01-18,33.73,33.91,33.59,33.79,13282200.0,13282200.0,-0.06,-0.178,33.76333,"January 18, 12",-0.00178
2012-01-19,33.83,33.87,33.63,33.72,13544800.0,13544800.0,0.11,0.325,33.74,"January 19, 12",0.00325
2012-01-20,33.77,34.06,33.7,34.04,19158600.0,19158600.0,-0.27,-0.8,33.93333,"January 20, 12",-0.008
2012-01-23,34.0,34.31,33.96,34.26,13803200.0,13803200.0,-0.26,-0.765,34.17667,"January 23, 12",-0.00765
2012-01-24,34.08,34.25,33.86,33.95,14751200.0,14751200.0,0.13,0.381,34.02,"January 24, 12",0.00381
2012-01-25,33.96,34.25,33.77,34.22,14476000.0,14476000.0,-0.26,-0.766,34.08,"January 25, 12",-0.00766
2012-01-26,34.31,34.31,33.88,34.01,14721000.0,14721000.0,0.3,0.874,34.06667,"January 26, 12",0.00874
2012-01-27,33.96,34.07,33.62,33.72,16825000.0,16825000.0,0.24,0.707,33.80333,"January 27, 12",0.00707
2012-01-30,33.65,33.79,33.51,33.73,10591600.0,10591600.0,-0.08,-0.238,33.67667,"January 30, 12",-0.00238
2012-01-31,33.99,33.99,33.59,33.76,13543400.0,13543400.0,0.23,0.677,33.78,"January 31, 12",0.00677
2012-02-01,33.94,34.17,33.9,33.92,14915000.0,14915000.0,0.02,0.059,33.99667,"February 01, 12",0.00059
2012-02-02,34.04,34.12,33.88,33.92,13150000.0,13150000.0,0.12,0.353,33.97333,"February 02, 12",0.00353
2012-02-03,34.13,34.24,33.92,34.04,16555800.0,16555800.0,0.09,0.264,34.06667,"February 03, 12",0.00264
2012-02-06,33.92,34.12,33.85,34.01,14586400.0,14586400.0,-0.09,-0.265,33.99333,"February 06, 12",-0.00265
2012-02-07,34.04,34.72,33.81,34.28,24269600.0,24269600.0,-0.24,-0.705,34.27,"February 07, 12",-0.00705
2012-02-08,34.42,34.42,34.1,34.17,16428400.0,16428400.0,0.25,0.726,34.23,"February 08, 12",0.00726
2012-02-09,34.18,34.2,33.88,33.99,16311400.0,16311400.0,0.19,0.556,34.02333,"February 09, 12",0.00556
2012-02-10,33.76,33.97,33.71,33.97,10994600.0,10994600.0,-0.21,-0.622,33.88333,"February 10, 12",-0.00622
2012-02-13,34.21,34.3,34.04,34.22,11091000.0,11091000.0,-0.01,-0.029,34.18667,"February 13, 12",-0.00029
2012-02-14,34.24,34.47,34.05,34.45,12596000.0,12596000.0,-0.21,-0.613,34.32333,"February 14, 12",-0.00613
2012-02-15,34.62,34.63,34.12,34.2,14776800.0,14776800.0,0.42,1.213,34.31667,"February 15, 12",0.01213
2012-02-16,34.31,34.49,34.21,34.43,11752000.0,11752000.0,-0.12,-0.35,34.37667,"February 16, 12",-0.0035
2012-02-17,34.54,34.58,34.3,34.53,14841800.0,14841800.0,0.01,0.029,34.47,"February 17, 12",0.00029
2012-02-21,34.44,34.53,34.25,34.41,13424800.0,13424800.0,0.03,0.087,34.39667,"February 21, 12",0.00087
2012-02-22,34.3,34.67,34.3,34.63,13766400.0,13766400.0,-0.33,-0.962,34.53333,"February 22, 12",-0.00962
2012-02-23,34.54,34.65,34.46,34.59,11120000.0,11120000.0,-0.05,-0.145,34.56667,"February 23, 12",-0.00145
2012-02-24,34.67,34.75,34.42,34.5,12485400.0,12485400.0,0.17,0.49,34.55667,"February 24, 12",0.0049
2012-02-27,34.35,34.5,34.26,34.42,12086200.0,12086200.0,-0.07,-0.204,34.39333,"February 27, 12",-0.00204
2012-02-28,34.47,34.55,34.4,34.42,9049000.0,9049000.0,0.05,0.145,34.45667,"February 28, 12",0.00145
2012-02-29,34.45,34.99,34.45,34.93,23464400.0,23464400.0,-0.48,-1.393,34.79,"February 29, 12",-0.01393
2012-03-01,34.94,34.98,34.7,34.8,15294200.0,15294200.0,0.14,0.401,34.82667,"March 01, 12",0.00401
2012-03-02,34.71,34.8,34.49,34.59,11995800.0,11995800.0,0.12,0.346,34.62667,"March 02, 12",0.00346
2012-03-05,34.51,34.67,34.5,34.62,10338600.0,10338600.0,-0.11,-0.319,34.59667,"March 05, 12",-0.00319
2012-03-06,34.41,34.54,34.32,34.38,13161200.0,13161200.0,0.03,0.087,34.41333,"March 06, 12",0.00087
2012-03-07,34.38,34.47,34.25,34.4,10933800.0,10933800.0,-0.02,-0.058,34.37333,"March 07, 12",-0.00058
2012-03-08,34.59,34.75,34.55,34.63,33754800.0,33754800.0,-0.04,-0.116,34.64333,"March 08, 12",-0.00116
2012-03-09,34.72,34.87,34.65,34.76,36742600.0,36742600.0,-0.04,-0.115,34.76,"March 09, 12",-0.00115
2012-03-12,34.74,35.17,34.67,35.08,18143600.0,18143600.0,-0.34,-0.979,34.97333,"March 12, 12",-0.00979
2012-03-13,34.76,35.15,34.76,35.13,18068000.0,18068000.0,-0.37,-1.064,35.01333,"March 13, 12",-0.01064
2012-03-14,35.13,35.31,35.05,35.11,12918000.0,12918000.0,0.02,0.057,35.15667,"March 14, 12",0.00057
2012-03-15,35.13,35.17,34.89,35.17,17991400.0,17991400.0,-0.04,-0.114,35.07667,"March 15, 12",-0.00114
2012-03-16,35.19,35.23,34.94,35.08,22898800.0,22898800.0,0.11,0.313,35.08333,"March 16, 12",0.00313
2012-03-19,35.11,35.26,35.0,35.2,10652400.0,10652400.0,-0.09,-0.256,35.15333,"March 19, 12",-0.00256
2012-03-20,35.01,35.38,34.97,35.29,10180400.0,10180400.0,-0.28,-0.8,35.21333,"March 20, 12",-0.008
2012-03-21,35.24,35.7,35.17,35.56,19870800.0,19870800.0,-0.32,-0.908,35.47667,"March 21, 12",-0.00908
2012-03-22,35.51,35.79,35.47,35.71,14252800.0,14252800.0,-0.2,-0.563,35.65667,"March 22, 12",-0.00563
2012-03-23,35.7,35.8,35.65,35.74,16206600.0,16206600.0,-0.04,-0.112,35.73,"March 23, 12",-0.00112
2012-03-26,35.87,35.95,35.79,35.95,11536400.0,11536400.0,-0.08,-0.223,35.89667,"March 26, 12",-0.00223
2012-03-27,35.91,35.99,35.83,35.94,11430400.0,11430400.0,-0.03,-0.084,35.92,"March 27, 12",-0.00084
2012-03-28,35.98,36.41,35.95,36.33,26260600.0,26260600.0,-0.35,-0.973,36.23,"March 28, 12",-0.00973
2012-03-29,36.17,37.2,36.13,36.9,41063600.0,41063600.0,-0.73,-2.018,36.74333,"March 29, 12",-0.02018
2012-03-30,36.81,37.07,36.65,37.01,26555800.0,26555800.0,-0.2,-0.543,36.91,"March 30, 12",-0.00543
2012-04-02,36.92,37.1,36.82,37.07,14579000.0,14579000.0,-0.15,-0.406,36.99667,"April 02, 12",-0.00406
2012-04-03,36.83,37.04,36.73,36.88,12989200.0,12989200.0,-0.05,-0.136,36.88333,"April 03, 12",-0.00136
2012-04-04,36.65,36.8,36.61,36.73,12487400.0,12487400.0,-0.08,-0.218,36.71333,"April 04, 12",-0.00218
2012-04-05,36.64,36.76,36.54,36.74,11531400.0,11531400.0,-0.1,-0.273,36.68,"April 05, 12",-0.00273
2012-04-09,36.48,36.56,36.37,36.44,9806800.0,9806800.0,0.04,0.11,36.45667,"April 09, 12",0.0011
2012-04-10,36.29,36.31,35.97,36.01,17290600.0,17290600.0,0.28,0.772,36.09667,"April 10, 12",0.00772
2012-04-11,36.22,36.24,35.92,36.06,12026600.0,12026600.0,0.16,0.442,36.07333,"April 11, 12",0.00442
2012-04-12,36.08,36.13,35.91,36.11,10640600.0,10640600.0,-0.03,-0.083,36.05,"April 12, 12",-0.00083
2012-04-13,36.11,36.3,35.97,35.97,10525600.0,10525600.0,0.14,0.388,36.08,"April 13, 12",0.00388
2012-04-16,36.11,36.4,36.07,36.22,14147600.0,14147600.0,-0.11,-0.305,36.23,"April 16, 12",-0.00305
2012-04-17,36.59,37.24,36.59,36.97,22614400.0,22614400.0,-0.38,-1.039,36.93333,"April 17, 12",-0.01039
2012-04-18,36.91,37.17,36.87,37.08,11779800.0,11779800.0,-0.17,-0.461,37.04,"April 18, 12",-0.00461
2012-04-19,37.15,37.17,36.71,36.91,10731200.0,10731200.0,0.24,0.646,36.93,"April 19, 12",0.00646
2012-04-20,36.98,37.17,36.87,37.06,13461000.0,13461000.0,-0.08,-0.216,37.03333,"April 20, 12",-0.00216
2012-04-23,36.99,37.04,36.67,36.85,10472200.0,10472200.0,0.14,0.378,36.85333,"April 23, 12",0.00378
2012-04-24,36.96,37.17,36.86,37.06,10288000.0,10288000.0,-0.1,-0.271,37.03,"April 24, 12",-0.00271
2012-04-25,37.27,37.53,37.15,37.47,18596000.0,18596000.0,-0.2,-0.537,37.38333,"April 25, 12",-0.00537
2012-04-26,37.47,37.99,37.41,37.86,16782000.0,16782000.0,-0.39,-1.041,37.75333,"April 26, 12",-0.01041
2012-04-27,37.98,38.91,37.96,38.31,25103000.0,25103000.0,-0.33,-0.869,38.39333,"April 27, 12",-0.00869
2012-04-30,38.21,38.45,37.97,38.16,26517600.0,26517600.0,0.05,0.131,38.19333,"April 30, 12",0.00131
2012-05-01,38.27,38.5,38.14,38.47,13841000.0,13841000.0,-0.2,-0.523,38.37,"May 01, 12",-0.00523
2012-05-02,38.37,38.63,38.32,38.58,16558600.0,16558600.0,-0.21,-0.547,38.51,"May 02, 12",-0.00547
2012-05-03,38.68,38.82,38.6,38.72,15612000.0,15612000.0,-0.04,-0.103,38.71333,"May 03, 12",-0.00103
2012-05-04,38.65,38.8,38.48,38.5,13160800.0,13160800.0,0.15,0.388,38.59333,"May 04, 12",0.00388
2012-05-07,38.49,38.72,38.42,38.64,8965400.0,8965400.0,-0.15,-0.39,38.59333,"May 07, 12",-0.0039
2012-05-08,38.51,38.64,38.31,38.57,10561600.0,10561600.0,-0.06,-0.156,38.50667,"May 08, 12",-0.00156
2012-05-09,38.29,38.6,38.24,38.39,14070800.0,14070800.0,-0.1,-0.261,38.41,"May 09, 12",-0.00261
2012-05-10,38.61,38.85,38.6,38.71,12659200.0,12659200.0,-0.1,-0.259,38.72,"May 10, 12",-0.00259
2012-05-11,38.6,38.87,38.6,38.74,10604000.0,10604000.0,-0.14,-0.363,38.73667,"May 11, 12",-0.00363
2012-05-14,38.56,38.63,38.31,38.44,15411800.0,15411800.0,0.12,0.311,38.46,"May 14, 12",0.00311
2012-05-15,38.28,38.58,38.13,38.29,16397800.0,16397800.0,-0.01,-0.026,38.33333,"May 15, 12",-0.00026
2012-05-16,38.33,38.42,37.96,38.17,17804400.0,17804400.0,0.16,0.417,38.18333,"May 16, 12",0.00417
2012-05-17,38.08,38.15,37.49,37.56,22310800.0,22310800.0,0.52,1.366,37.73333,"May 17, 12",0.01366
2012-05-18,37.63,37.65,36.74,37.03,31913000.0,31913000.0,0.6,1.594,37.14,"May 18, 12",0.01594
2012-05-21,37.11,37.3,37.06,37.26,13488800.0,13488800.0,-0.15,-0.404,37.20667,"May 21, 12",-0.00404
2012-05-22,37.29,37.29,36.96,37.1,15260600.0,15260600.0,0.19,0.51,37.11667,"May 22, 12",0.0051
2012-05-23,37.0,37.29,36.91,37.28,18000000.0,18000000.0,-0.28,-0.757,37.16,"May 23, 12",-0.00757
2012-05-24,37.4,37.92,37.3,37.78,20204600.0,20204600.0,-0.38,-1.016,37.66667,"May 24, 12",-0.01016
2012-05-25,37.81,37.85,37.51,37.62,8999600.0,8999600.0,0.19,0.503,37.66,"May 25, 12",0.00503
2012-05-29,37.87,37.87,37.53,37.73,10533800.0,10533800.0,0.14,0.37,37.71,"May 29, 12",0.0037
2012-05-30,37.54,37.63,37.41,37.53,13884600.0,13884600.0,0.01,0.027,37.52333,"May 30, 12",0.00027
2012-05-31,37.48,37.61,37.33,37.37,15147600.0,15147600.0,0.11,0.293,37.43667,"May 31, 12",0.00293
2012-06-01,36.99,37.22,36.51,36.54,20843400.0,20843400.0,0.45,1.217,36.75667,"June 01, 12",0.01217
2012-06-04,36.51,36.87,36.28,36.82,13397200.0,13397200.0,-0.31,-0.849,36.65667,"June 04, 12",-0.00849
2012-06-05,36.67,36.82,36.53,36.62,12275200.0,12275200.0,0.05,0.136,36.65667,"June 05, 12",0.00136
2012-06-06,36.7,37.31,36.65,37.31,12496400.0,12496400.0,-0.61,-1.662,37.09,"June 06, 12",-0.01662
2012-06-07,37.49,37.53,37.1,37.14,14342800.0,14342800.0,0.35,0.934,37.25667,"June 07, 12",0.00934
2012-06-08,37.08,37.69,37.08,37.62,11594200.0,11594200.0,-0.54,-1.456,37.46333,"June 08, 12",-0.01456
2012-06-11,37.86,37.89,37.31,37.33,10657200.0,10657200.0,0.53,1.4,37.51,"June 11, 12",0.014
2012-06-12,37.49,37.63,37.17,37.6,11911200.0,11911200.0,-0.11,-0.293,37.46667,"June 12, 12",-0.00293
2012-06-13,37.31,37.56,37.24,37.35,9376200.0,9376200.0,-0.04,-0.107,37.38333,"June 13, 12",-0.00107
2012-06-14,37.4,38.0,37.35,37.87,13945400.0,13945400.0,-0.47,-1.257,37.74,"June 14, 12",-0.01257
2012-06-15,38.06,38.1,37.71,38.04,19748800.0,19748800.0,0.02,0.053,37.95,"June 15, 12",0.00053
2012-06-18,37.98,38.21,37.88,37.99,10457200.0,10457200.0,-0.01,-0.026,38.02667,"June 18, 12",-0.00026
2012-06-19,38.13,38.13,37.83,37.87,11115400.0,11115400.0,0.26,0.682,37.94333,"June 19, 12",0.00682
2012-06-20,37.85,37.87,37.42,37.78,14706800.0,14706800.0,0.07,0.185,37.69,"June 20, 12",0.00185
2012-06-21,37.9,37.99,37.31,37.33,12804000.0,12804000.0,0.57,1.504,37.54333,"June 21, 12",0.01504
2012-06-22,37.47,37.65,37.43,37.47,15252800.0,15252800.0,0.0,0.0,37.51667,"June 22, 12",0.0
2012-06-25,37.23,37.42,37.08,37.38,9734200.0,9734200.0,-0.15,-0.403,37.29333,"June 25, 12",-0.00403
2012-06-26,37.49,37.68,37.1,37.54,11859400.0,11859400.0,-0.05,-0.133,37.44,"June 26, 12",-0.00133
2012-06-27,37.62,38.24,37.62,38.17,13644400.0,13644400.0,-0.55,-1.462,38.01,"June 27, 12",-0.01462
2012-06-28,38.05,38.33,37.85,38.29,10891200.0,10891200.0,-0.24,-0.631,38.15667,"June 28, 12",-0.00631
2012-06-29,38.56,39.1,38.54,39.1,18519800.0,18519800.0,-0.54,-1.4,38.91333,"June 29, 12",-0.014
2012-07-02,39.05,39.5,39.01,39.46,13350200.0,13350200.0,-0.41,-1.05,39.32333,"July 02, 12",-0.0105
2012-07-03,39.45,39.68,39.36,39.58,7335000.0,7335000.0,-0.13,-0.33,39.54,"July 03, 12",-0.0033
2012-07-05,39.51,39.57,39.1,39.22,10546400.0,10546400.0,0.29,0.734,39.29667,"July 05, 12",0.00734
2012-07-06,39.01,39.15,38.92,39.08,10036000.0,10036000.0,-0.07,-0.179,39.05,"July 06, 12",-0.00179
2012-07-09,39.03,39.11,38.86,38.99,8615600.0,8615600.0,0.04,0.102,38.98667,"July 09, 12",0.00102
2012-07-10,39.26,39.27,38.91,38.99,11583400.0,11583400.0,0.27,0.688,39.05667,"July 10, 12",0.00688
2012-07-11,38.95,38.97,38.58,38.73,13645600.0,13645600.0,0.22,0.565,38.76,"July 11, 12",0.00565
2012-07-12,38.51,38.63,38.26,38.32,19104000.0,19104000.0,0.19,0.493,38.40333,"July 12, 12",0.00493
2012-07-13,38.31,38.79,38.17,38.64,13307400.0,13307400.0,-0.33,-0.861,38.53333,"July 13, 12",-0.00861
2012-07-16,38.55,38.7,38.1,38.24,17575600.0,17575600.0,0.31,0.804,38.34667,"July 16, 12",0.00804
2012-07-17,39.03,39.33,38.38,38.85,21209600.0,21209600.0,0.18,0.461,38.85333,"July 17, 12",0.00461
2012-07-18,38.82,38.84,38.41,38.72,13852000.0,13852000.0,0.1,0.258,38.65667,"July 18, 12",0.00258
2012-07-19,38.76,38.8,38.25,38.78,18050400.0,18050400.0,-0.02,-0.052,38.61,"July 19, 12",-0.00052
2012-07-20,38.63,38.67,38.4,38.51,16436000.0,16436000.0,0.12,0.311,38.52667,"July 20, 12",0.00311
2012-07-23,38.28,38.5,38.19,38.44,10655800.0,10655800.0,-0.16,-0.418,38.37667,"July 23, 12",-0.00418
2012-07-24,38.45,38.47,38.05,38.33,10445800.0,10445800.0,0.12,0.312,38.28333,"July 24, 12",0.00312
2012-07-25,38.47,38.61,38.37,38.51,9020400.0,9020400.0,-0.04,-0.104,38.49667,"July 25, 12",-0.00104
2012-07-26,38.85,39.46,38.85,39.42,14144600.0,14144600.0,-0.57,-1.467,39.24333,"July 26, 12",-0.01467
2012-07-27,39.53,40.12,39.45,40.01,17825000.0,17825000.0,-0.48,-1.214,39.86,"July 27, 12",-0.01214
2012-07-30,39.88,40.58,39.79,40.56,15947800.0,15947800.0,-0.68,-1.705,40.31,"July 30, 12",-0.01705
2012-07-31,40.35,40.67,40.2,40.4,16333600.0,16333600.0,-0.05,-0.124,40.42333,"July 31, 12",-0.00124
2012-08-01,40.49,40.63,40.29,40.51,12954600.0,12954600.0,-0.02,-0.049,40.47667,"August 01, 12",-0.00049
2012-08-02,40.37,40.5,39.76,39.88,13393200.0,13393200.0,0.49,1.214,40.04667,"August 02, 12",0.01214
2012-08-03,40.1,40.49,40.01,40.42,11834200.0,11834200.0,-0.32,-0.798,40.30667,"August 03, 12",-0.00798
2012-08-06,40.51,40.63,40.31,40.32,9179400.0,9179400.0,0.19,0.469,40.42,"August 06, 12",0.00469
2012-08-07,40.42,40.49,39.88,39.88,12782800.0,12782800.0,0.54,1.336,40.08333,"August 07, 12",0.01336
2012-08-08,39.86,40.0,39.68,39.78,8790200.0,8790200.0,0.08,0.201,39.82,"August 08, 12",0.00201
2012-08-09,39.74,39.89,39.42,39.62,9583400.0,9583400.0,0.12,0.302,39.64333,"August 09, 12",0.00302
2012-08-10,39.58,39.61,39.31,39.4,40577600.0,40577600.0,0.18,0.455,39.44,"August 10, 12",0.00455
2012-08-13,39.31,39.39,39.05,39.3,8898200.0,8898200.0,0.01,0.025,39.24667,"August 13, 12",0.00025
2012-08-14,39.6,39.67,39.25,39.38,10841200.0,10841200.0,0.22,0.556,39.43333,"August 14, 12",0.00556
2012-08-15,39.42,39.55,39.23,39.35,7692500.0,7692500.0,0.07,0.178,39.37667,"August 15, 12",0.00178
2012-08-16,39.4,39.63,39.31,39.55,8824100.0,8824100.0,-0.15,-0.381,39.49667,"August 16, 12",-0.00381
2012-08-17,39.66,39.73,39.27,39.53,10541000.0,10541000.0,0.13,0.328,39.51,"August 17, 12",0.00328
2012-08-20,39.54,39.59,39.26,39.47,9211800.0,9211800.0,0.07,0.177,39.44,"August 20, 12",0.00177
2012-08-21,39.41,39.69,39.23,39.26,8329000.0,8329000.0,0.15,0.381,39.39333,"August 21, 12",0.00381
2012-08-22,39.14,39.25,38.69,38.77,13479200.0,13479200.0,0.37,0.945,38.90333,"August 22, 12",0.00945
2012-08-23,38.81,38.84,38.02,38.11,14973300.0,14973300.0,0.7,1.804,38.32333,"August 23, 12",0.01804
2012-08-24,38.07,38.55,38.07,38.47,9317800.0,9317800.0,-0.4,-1.051,38.36333,"August 24, 12",-0.01051
2012-08-27,38.56,38.56,38.12,38.17,9589400.0,9589400.0,0.39,1.011,38.28333,"August 27, 12",0.01011
2012-08-28,38.14,38.32,37.77,38.0,16148800.0,16148800.0,0.14,0.367,38.03,"August 28, 12",0.00367
2012-08-29,38.05,38.05,37.38,37.46,23435400.0,23435400.0,0.59,1.551,37.63,"August 29, 12",0.01551
2012-08-30,37.38,37.63,37.13,37.14,17041800.0,17041800.0,0.24,0.642,37.3,"August 30, 12",0.00642
2012-08-31,37.41,37.58,37.15,37.4,20710300.0,20710300.0,0.01,0.027,37.37667,"August 31, 12",0.00027
2012-09-04,37.52,37.59,37.22,37.28,17293400.0,17293400.0,0.24,0.64,37.36333,"September 04, 12",0.0064
2012-09-05,37.36,37.62,37.11,37.51,20839200.0,20839200.0,-0.15,-0.401,37.41333,"September 05, 12",-0.00401
2012-09-06,37.78,38.3,37.7,38.15,19851400.0,19851400.0,-0.37,-0.979,38.05,"September 06, 12",-0.00979
2012-09-07,38.38,38.5,37.74,37.9,16391700.0,16391700.0,0.48,1.251,38.04667,"September 07, 12",0.01251
2012-09-10,37.96,37.98,37.59,37.66,18216900.0,18216900.0,0.3,0.79,37.74333,"September 10, 12",0.0079
2012-09-11,37.63,37.83,37.56,37.77,16505000.0,16505000.0,-0.14,-0.372,37.72,"September 11, 12",-0.00372
2012-09-12,37.79,37.83,37.51,37.55,14632200.0,14632200.0,0.24,0.635,37.63,"September 12, 12",0.00635
2012-09-13,37.73,38.49,37.61,38.35,23803400.0,23803400.0,-0.62,-1.643,38.15,"September 13, 12",-0.01643
2012-09-14,38.55,38.55,38.01,38.12,25087400.0,25087400.0,0.43,1.115,38.22667,"September 14, 12",0.01115
2012-09-17,38.16,38.38,38.03,38.35,23594400.0,23594400.0,-0.19,-0.498,38.25333,"September 17, 12",-0.00498
2012-09-18,38.38,39.0,38.3,38.62,24373700.0,24373700.0,-0.24,-0.625,38.64,"September 18, 12",-0.00625
2012-09-19,38.66,38.81,38.41,38.52,26276800.0,26276800.0,0.14,0.362,38.58,"September 19, 12",0.00362
2012-09-20,38.39,38.87,38.38,38.64,26953000.0,26953000.0,-0.25,-0.651,38.63,"September 20, 12",-0.00651
2012-09-21,38.73,38.74,37.88,38.03,98967500.0,98967500.0,0.7,1.807,38.21667,"September 21, 12",0.01807
2012-09-24,37.81,38.24,37.81,38.12,21902000.0,21902000.0,-0.31,-0.82,38.05667,"September 24, 12",-0.0082
2012-09-25,38.21,38.27,37.66,37.68,20299200.0,20299200.0,0.53,1.387,37.87,"September 25, 12",0.01387
2012-09-26,37.78,38.19,37.74,37.76,16677400.0,16677400.0,0.02,0.053,37.89667,"September 26, 12",0.00053
2012-09-27,38.06,38.35,37.9,38.31,15176100.0,15176100.0,-0.25,-0.657,38.18667,"September 27, 12",-0.00657
2012-09-28,38.17,38.22,37.9,37.93,22721200.0,22721200.0,0.24,0.629,38.01667,"September 28, 12",0.00629
2012-10-01,38.16,38.6,38.15,38.38,16671400.0,16671400.0,-0.22,-0.577,38.37667,"October 01, 12",-0.00577
2012-10-02,38.56,38.69,38.11,38.34,10276000.0,10276000.0,0.22,0.571,38.38,"October 02, 12",0.00571
2012-10-03,38.32,38.52,38.14,38.24,13637100.0,13637100.0,0.08,0.209,38.3,"October 03, 12",0.00209
2012-10-04,38.46,38.55,38.19,38.33,9654500.0,9654500.0,0.13,0.338,38.35667,"October 04, 12",0.00338
2012-10-05,38.49,38.6,38.25,38.58,12287900.0,12287900.0,-0.09,-0.234,38.47667,"October 05, 12",-0.00234
2012-10-08,38.54,38.68,38.44,38.58,9434600.0,9434600.0,-0.04,-0.104,38.56667,"October 08, 12",-0.00104
2012-10-09,38.5,38.83,38.46,38.56,13078700.0,13078700.0,-0.06,-0.156,38.61667,"October 09, 12",-0.00156
2012-10-10,38.65,38.73,38.05,38.09,13754500.0,13754500.0,0.56,1.449,38.29,"October 10, 12",0.01449
2012-10-11,38.2,38.28,38.02,38.11,10843800.0,10843800.0,0.09,0.236,38.13667,"October 11, 12",0.00236
2012-10-12,38.26,38.39,38.11,38.23,12059700.0,12059700.0,0.03,0.078,38.24333,"October 12, 12",0.00078
2012-10-15,38.09,38.25,38.01,38.13,13785100.0,13785100.0,-0.04,-0.105,38.13,"October 15, 12",-0.00105
2012-10-16,38.18,38.22,37.44,37.9,25811800.0,25811800.0,0.28,0.733,37.85333,"October 16, 12",0.00733
2012-10-17,38.06,38.15,37.7,37.74,15449600.0,15449600.0,0.32,0.841,37.86333,"October 17, 12",0.00841
2012-10-18,37.76,38.07,37.46,37.84,23063300.0,23063300.0,-0.08,-0.212,37.79,"October 18, 12",-0.00212
2012-10-19,37.93,37.94,37.4,37.4,19864500.0,19864500.0,0.53,1.397,37.58,"October 19, 12",0.01397
2012-10-22,37.37,37.48,36.96,37.23,13340500.0,13340500.0,0.14,0.375,37.22333,"October 22, 12",0.00375
2012-10-23,36.96,36.98,36.54,36.61,13287300.0,13287300.0,0.35,0.947,36.71,"October 23, 12",0.00947
2012-10-24,36.6,37.04,36.6,36.88,13531400.0,13531400.0,-0.28,-0.765,36.84,"October 24, 12",-0.00765
2012-10-25,37.0,37.19,36.85,37.09,10457900.0,10457900.0,-0.09,-0.243,37.04333,"October 25, 12",-0.00243
2012-10-26,37.12,37.26,36.78,37.04,11896500.0,11896500.0,0.08,0.216,37.02667,"October 26, 12",0.00216
2012-10-31,37.16,37.41,36.92,37.18,11643500.0,11643500.0,-0.02,-0.054,37.17,"October 31, 12",-0.00054
2012-11-01,37.15,37.56,37.15,37.33,10622300.0,10622300.0,-0.18,-0.485,37.34667,"November 01, 12",-0.00485
2012-11-02,37.58,37.65,37.0,37.08,11237500.0,11237500.0,0.5,1.33,37.24333,"November 02, 12",0.0133
2012-11-05,36.95,36.99,36.63,36.77,12139600.0,12139600.0,0.18,0.487,36.79667,"November 05, 12",0.00487
2012-11-06,36.92,37.48,36.86,37.42,11448400.0,11448400.0,-0.5,-1.354,37.25333,"November 06, 12",-0.01354
2012-11-07,37.28,37.39,36.4,36.72,16745000.0,16745000.0,0.56,1.502,36.83667,"November 07, 12",0.01502
2012-11-08,36.65,37.11,36.36,36.36,12921700.0,12921700.0,0.29,0.791,36.61,"November 08, 12",0.00791
2012-11-09,36.05,36.52,36.05,36.29,11520300.0,11520300.0,-0.24,-0.666,36.28667,"November 09, 12",-0.00666
2012-11-12,36.29,36.29,35.99,36.08,10169700.0,10169700.0,0.21,0.579,36.12,"November 12, 12",0.00579
2012-11-13,36.03,36.56,35.98,36.16,12105200.0,12105200.0,-0.13,-0.361,36.23333,"November 13, 12",-0.00361
2012-11-14,36.19,36.36,35.87,36.01,13508300.0,13508300.0,0.18,0.497,36.08,"November 14, 12",0.00497
2012-11-15,35.9,36.48,35.86,36.43,17643600.0,17643600.0,-0.53,-1.476,36.25667,"November 15, 12",-0.01476
2012-11-16,36.49,36.65,36.27,36.56,15624800.0,15624800.0,-0.07,-0.192,36.49333,"November 16, 12",-0.00192
2012-11-19,36.85,37.29,36.81,37.24,14076200.0,14076200.0,-0.39,-1.058,37.11333,"November 19, 12",-0.01058
2012-11-20,37.23,37.27,36.85,37.25,12278600.0,12278600.0,-0.02,-0.054,37.12333,"November 20, 12",-0.00054
2012-11-21,37.33,37.47,37.22,37.39,8631300.0,8631300.0,-0.06,-0.161,37.36,"November 21, 12",-0.00161
2012-11-23,37.55,37.95,37.49,37.93,5365500.0,5365500.0,-0.38,-1.012,37.79,"November 23, 12",-0.01012
2012-11-26,37.58,37.78,37.23,37.36,13217000.0,13217000.0,0.22,0.585,37.45667,"November 26, 12",0.00585
2012-11-27,37.44,37.79,37.34,37.42,11873700.0,11873700.0,0.02,0.053,37.51667,"November 27, 12",0.00053
2012-11-28,37.06,37.57,36.8,37.56,14846300.0,14846300.0,-0.5,-1.349,37.31,"November 28, 12",-0.01349
2012-11-29,37.68,37.97,37.5,37.97,12433700.0,12433700.0,-0.29,-0.77,37.81333,"November 29, 12",-0.0077
2012-11-30,37.94,37.98,37.66,37.92,13039500.0,13039500.0,0.02,0.053,37.85333,"November 30, 12",0.00053
2012-12-03,37.9,37.94,37.33,37.38,12864900.0,12864900.0,0.52,1.372,37.55,"December 03, 12",0.01372
2012-12-04,37.31,37.49,37.14,37.15,11794200.0,11794200.0,0.16,0.429,37.26,"December 04, 12",0.00429
2012-12-05,37.2,37.5,37.08,37.31,14561400.0,14561400.0,-0.11,-0.296,37.29667,"December 05, 12",-0.00296
2012-12-06,37.34,37.44,37.3,37.38,8974700.0,8974700.0,-0.04,-0.107,37.37333,"December 06, 12",-0.00107
2012-12-07,37.44,37.74,37.39,37.71,10654700.0,10654700.0,-0.27,-0.721,37.61333,"December 07, 12",-0.00721
2012-12-10,37.7,37.78,37.51,37.64,8603200.0,8603200.0,0.06,0.159,37.64333,"December 10, 12",0.00159
2012-12-11,37.63,37.99,37.58,37.86,10671300.0,10671300.0,-0.23,-0.611,37.81,"December 11, 12",-0.00611
2012-12-12,37.89,37.93,37.5,37.64,14681700.0,14681700.0,0.25,0.66,37.69,"December 12, 12",0.0066
2012-12-13,37.7,37.79,37.53,37.6,11442100.0,11442100.0,0.1,0.265,37.64,"December 13, 12",0.00265
2012-12-14,37.52,37.77,37.5,37.66,11800900.0,11800900.0,-0.14,-0.373,37.64333,"December 14, 12",-0.00373
2012-12-17,37.79,37.82,37.38,37.5,17588900.0,17588900.0,0.29,0.767,37.56667,"December 17, 12",0.00767
2012-12-18,37.53,37.7,37.13,37.28,17952100.0,17952100.0,0.25,0.666,37.37,"December 18, 12",0.00666
2012-12-19,37.25,37.29,36.77,36.78,17991900.0,17991900.0,0.47,1.262,36.94667,"December 19, 12",0.01262
2012-12-20,36.69,37.1,36.65,37.05,16182700.0,16182700.0,-0.36,-0.981,36.93333,"December 20, 12",-0.00981
2012-12-21,37.0,37.19,36.53,36.89,27942400.0,27942400.0,0.11,0.297,36.87,"December 21, 12",0.00297
2012-12-24,36.72,36.8,36.57,36.73,4851800.0,4851800.0,-0.01,-0.027,36.7,"December 24, 12",-0.00027
2012-12-26,36.7,36.8,36.24,36.42,9982100.0,9982100.0,0.28,0.763,36.48667,"December 26, 12",0.00763
2012-12-27,36.35,36.55,36.2,36.42,11380600.0,11380600.0,-0.07,-0.193,36.39,"December 27, 12",-0.00193
2012-12-28,36.22,36.42,35.95,35.97,14053400.0,14053400.0,0.25,0.69,36.11333,"December 28, 12",0.0069
2012-12-31,35.88,36.28,35.58,36.25,15651400.0,15651400.0,-0.37,-1.031,36.03667,"December 31, 12",-0.01031
2013-01-02,36.99,37.6,36.66,37.6,21872400.0,21872400.0,-0.61,-1.649,37.28667,"January 02, 13",-0.01649
2013-01-03,37.45,37.6,37.11,37.6,16357900.0,16357900.0,-0.15,-0.401,37.43667,"January 03, 13",-0.00401
2013-01-04,37.65,37.87,37.52,37.66,15311300.0,15311300.0,-0.01,-0.027,37.68333,"January 04, 13",-0.00027
2013-01-07,37.52,37.52,37.1,37.3,14610200.0,14610200.0,0.22,0.586,37.30667,"January 07, 13",0.00586
2013-01-08,37.19,37.28,36.91,37.04,14324300.0,14324300.0,0.15,0.403,37.07667,"January 08, 13",0.00403
2013-01-09,37.2,37.2,36.83,37.03,10563700.0,10563700.0,0.17,0.457,37.02,"January 09, 13",0.00457
2013-01-10,37.12,37.17,36.76,36.96,15603700.0,15603700.0,0.16,0.431,36.96333,"January 10, 13",0.00431
2013-01-11,36.84,36.94,36.52,36.91,15644800.0,15644800.0,-0.07,-0.19,36.79,"January 11, 13",-0.0019
2013-01-14,36.95,37.11,36.8,36.99,11001500.0,11001500.0,-0.04,-0.108,36.96667,"January 14, 13",-0.00108
2013-01-15,36.99,37.43,36.8,37.32,12721600.0,12721600.0,-0.33,-0.892,37.18333,"January 15, 13",-0.00892
2013-01-16,37.21,37.42,37.12,37.32,9168000.0,9168000.0,-0.11,-0.296,37.28667,"January 16, 13",-0.00296
2013-01-17,37.43,37.66,37.33,37.51,12121800.0,12121800.0,-0.08,-0.214,37.5,"January 17, 13",-0.00214
2013-01-18,37.49,37.71,37.31,37.7,14056100.0,14056100.0,-0.21,-0.56,37.57333,"January 18, 13",-0.0056
2013-01-22,37.74,37.74,37.05,37.13,21249400.0,21249400.0,0.61,1.616,37.30667,"January 22, 13",0.01616
2013-01-23,37.08,37.26,37.04,37.13,13570200.0,13570200.0,-0.05,-0.135,37.14333,"January 23, 13",-0.00135
2013-01-24,37.2,37.25,37.0,37.11,13258900.0,13258900.0,0.09,0.242,37.12,"January 24, 13",0.00242
2013-01-25,37.18,37.25,36.91,37.05,14040700.0,14040700.0,0.13,0.35,37.07,"January 25, 13",0.0035
2013-01-28,37.07,37.11,36.86,37.01,13386500.0,13386500.0,0.06,0.162,36.99333,"January 28, 13",0.00162
2013-01-29,36.88,37.57,36.86,37.42,17705800.0,17705800.0,-0.54,-1.464,37.28333,"January 29, 13",-0.01464
2013-01-30,37.4,37.61,37.32,37.5,13219400.0,13219400.0,-0.1,-0.267,37.47667,"January 30, 13",-0.00267
2013-01-31,37.53,37.53,37.11,37.24,12969100.0,12969100.0,0.29,0.773,37.29333,"January 31, 13",0.00773
2013-02-01,37.54,37.71,37.37,37.54,11932600.0,11932600.0,0.0,0.0,37.54,"February 01, 13",0.0
2013-02-04,37.48,37.58,37.3,37.35,9456300.0,9456300.0,0.13,0.347,37.41,"February 04, 13",0.00347
2013-02-05,37.56,38.16,37.56,38.14,17897300.0,17897300.0,-0.58,-1.544,37.95333,"February 05, 13",-0.01544
2013-02-06,38.13,38.43,38.0,38.31,16823700.0,16823700.0,-0.18,-0.472,38.24667,"February 06, 13",-0.00472
2013-02-07,38.42,39.06,38.35,38.91,18805300.0,18805300.0,-0.49,-1.275,38.77333,"February 07, 13",-0.01275
2013-02-08,38.85,38.94,38.6,38.77,12308000.0,12308000.0,0.08,0.206,38.77,"February 08, 13",0.00206
2013-02-11,38.71,38.83,38.41,38.61,12159900.0,12159900.0,0.1,0.258,38.61667,"February 11, 13",0.00258
2013-02-12,38.11,38.16,37.28,37.56,30700500.0,30700500.0,0.55,1.443,37.66667,"February 12, 13",0.01443
2013-02-13,37.67,37.94,37.01,37.21,19943800.0,19943800.0,0.46,1.221,37.38667,"February 13, 13",0.01221
2013-02-14,37.24,37.51,36.7,36.84,22748600.0,22748600.0,0.4,1.074,37.01667,"February 14, 13",0.01074
2013-02-15,36.94,37.42,36.54,37.42,25204300.0,25204300.0,-0.48,-1.299,37.12667,"February 15, 13",-0.01299
2013-02-19,37.51,37.77,37.46,37.67,14850600.0,14850600.0,-0.16,-0.427,37.63333,"February 19, 13",-0.00427
2013-02-20,37.7,37.88,37.41,37.73,12949300.0,12949300.0,-0.03,-0.08,37.67333,"February 20, 13",-0.0008
2013-02-21,37.62,37.79,37.43,37.71,14135100.0,14135100.0,-0.09,-0.239,37.64333,"February 21, 13",-0.00239
2013-02-22,37.76,38.52,37.71,38.52,20102800.0,20102800.0,-0.76,-2.013,38.25,"February 22, 13",-0.02013
2013-02-25,38.56,38.72,37.72,37.72,15874600.0,15874600.0,0.84,2.178,38.05333,"February 25, 13",0.02178
2013-02-26,37.95,38.19,37.78,38.11,15770000.0,15770000.0,-0.16,-0.422,38.02667,"February 26, 13",-0.00422
2013-02-27,38.03,38.54,37.92,38.45,14271100.0,14271100.0,-0.42,-1.104,38.30333,"February 27, 13",-0.01104
2013-02-28,38.47,38.97,38.42,38.72,19005500.0,19005500.0,-0.25,-0.65,38.70333,"February 28, 13",-0.0065
2013-03-01,38.49,38.79,38.49,38.7,13724500.0,13724500.0,-0.21,-0.546,38.66,"March 01, 13",-0.00546
2013-03-04,38.6,38.82,38.45,38.82,9934300.0,9934300.0,-0.22,-0.57,38.69667,"March 04, 13",-0.0057
2013-03-05,38.98,39.0,38.56,38.68,13240700.0,13240700.0,0.3,0.77,38.74667,"March 05, 13",0.0077
2013-03-06,38.8,39.04,38.7,39.02,11653900.0,11653900.0,-0.22,-0.567,38.92,"March 06, 13",-0.00567
2013-03-07,39.04,39.19,38.84,39.12,15094900.0,15094900.0,-0.08,-0.205,39.05,"March 07, 13",-0.00205
2013-03-08,39.17,39.42,39.03,39.22,11183600.0,11183600.0,-0.05,-0.128,39.22333,"March 08, 13",-0.00128
2013-03-11,39.2,39.38,39.18,39.31,9200400.0,9200400.0,-0.11,-0.281,39.29,"March 11, 13",-0.00281
2013-03-12,39.28,39.31,38.8,38.96,11375900.0,11375900.0,0.32,0.815,39.02333,"March 12, 13",0.00815
2013-03-13,38.82,38.87,38.55,38.59,14358300.0,14358300.0,0.23,0.592,38.67,"March 13, 13",0.00592
2013-03-14,38.82,39.12,38.66,39.02,14572500.0,14572500.0,-0.2,-0.515,38.93333,"March 14, 13",-0.00515
2013-03-15,38.82,38.94,38.66,38.83,20781900.0,20781900.0,-0.01,-0.026,38.81,"March 15, 13",-0.00026
2013-03-18,38.61,38.94,38.57,38.76,11479900.0,11479900.0,-0.15,-0.389,38.75667,"March 18, 13",-0.00389
2013-03-19,38.92,39.4,38.82,39.33,15192000.0,15192000.0,-0.41,-1.053,39.18333,"March 19, 13",-0.01053
2013-03-20,39.4,39.92,39.36,39.87,19271900.0,19271900.0,-0.47,-1.193,39.71667,"March 20, 13",-0.01193
2013-03-21,39.85,40.43,39.76,40.07,23063600.0,23063600.0,-0.22,-0.552,40.08667,"March 21, 13",-0.00552
2013-03-22,39.98,40.28,39.89,40.04,16128500.0,16128500.0,-0.06,-0.15,40.07,"March 22, 13",-0.0015
2013-03-25,40.11,40.25,39.96,40.12,15718400.0,15718400.0,-0.01,-0.025,40.11,"March 25, 13",-0.00025
2013-03-26,40.13,40.7,40.13,40.69,13666500.0,13666500.0,-0.56,-1.395,40.50667,"March 26, 13",-0.01395
2013-03-27,40.45,40.54,40.06,40.22,14559900.0,14559900.0,0.23,0.569,40.27333,"March 27, 13",0.00569
2013-03-28,40.38,40.6,40.02,40.44,14227200.0,14227200.0,-0.06,-0.149,40.35333,"March 28, 13",-0.00149
2013-04-01,40.39,40.49,40.17,40.45,8200500.0,8200500.0,-0.06,-0.149,40.37,"April 01, 13",-0.00149
2013-04-02,40.43,40.9,40.42,40.72,13359200.0,13359200.0,-0.29,-0.717,40.68,"April 02, 13",-0.00717
2013-04-03,40.78,40.82,40.08,40.17,13639200.0,13639200.0,0.61,1.496,40.35667,"April 03, 13",0.01496
2013-04-04,40.27,40.59,40.2,40.54,11435900.0,11435900.0,-0.27,-0.67,40.44333,"April 04, 13",-0.0067
2013-04-05,40.21,40.36,40.01,40.08,10729500.0,10729500.0,0.13,0.323,40.15,"April 05, 13",0.00323
2013-04-08,40.06,40.87,39.77,40.86,22757900.0,22757900.0,-0.8,-1.997,40.5,"April 08, 13",-0.01997
2013-04-09,40.81,41.13,40.51,40.71,21056100.0,21056100.0,0.1,0.245,40.78333,"April 09, 13",0.00245
2013-04-10,40.78,41.17,40.71,41.07,9703700.0,9703700.0,-0.29,-0.711,40.98333,"April 10, 13",-0.00711
2013-04-11,41.13,41.41,41.06,41.18,10962500.0,10962500.0,-0.05,-0.122,41.21667,"April 11, 13",-0.00122
2013-04-12,40.91,41.11,40.68,41.08,10394700.0,10394700.0,-0.17,-0.416,40.95667,"April 12, 13",-0.00416
2013-04-15,40.85,40.99,40.05,40.09,16050600.0,16050600.0,0.76,1.86,40.37667,"April 15, 13",0.0186
2013-04-16,41.4,42.48,41.25,42.37,32135700.0,32135700.0,-0.97,-2.343,42.03333,"April 16, 13",-0.02343
2013-04-17,42.14,42.7,42.03,42.55,24208000.0,24208000.0,-0.41,-0.973,42.42667,"April 17, 13",-0.00973
2013-04-18,42.48,42.65,42.09,42.1,16034200.0,16034200.0,0.38,0.895,42.28,"April 18, 13",0.00895
2013-04-19,42.28,42.77,42.2,42.66,13875800.0,13875800.0,-0.38,-0.899,42.54333,"April 19, 13",-0.00899
2013-04-22,42.52,42.85,42.4,42.72,10544100.0,10544100.0,-0.2,-0.47,42.65667,"April 22, 13",-0.0047
2013-04-23,42.78,42.96,42.26,42.7,11216200.0,11216200.0,0.08,0.187,42.64,"April 23, 13",0.00187
2013-04-24,42.64,42.9,42.1,42.15,11368200.0,11368200.0,0.49,1.149,42.38333,"April 24, 13",0.01149
2013-04-25,42.26,42.54,42.08,42.35,10197100.0,10197100.0,-0.09,-0.213,42.32333,"April 25, 13",-0.00213
2013-04-26,42.18,42.43,42.09,42.1,15159800.0,15159800.0,0.08,0.19,42.20667,"April 26, 13",0.0019
2013-04-29,42.24,42.29,41.92,42.24,11311100.0,11311100.0,0.0,0.0,42.15,"April 29, 13",0.0
2013-04-30,42.15,42.39,41.88,42.33,13432200.0,13432200.0,-0.18,-0.427,42.2,"April 30, 13",-0.00427
2013-05-01,42.15,42.56,42.14,42.21,8710600.0,8710600.0,-0.06,-0.142,42.30333,"May 01, 13",-0.00142
2013-05-02,41.66,42.16,41.49,41.96,18709600.0,18709600.0,-0.3,-0.72,41.87,"May 02, 13",-0.0072
2013-05-03,42.17,42.42,41.96,42.24,11757800.0,11757800.0,-0.07,-0.166,42.20667,"May 03, 13",-0.00166
2013-05-06,42.29,42.29,41.87,42.08,9356100.0,9356100.0,0.21,0.497,42.08,"May 06, 13",0.00497
2013-05-07,42.21,42.71,42.15,42.7,13785300.0,13785300.0,-0.49,-1.161,42.52,"May 07, 13",-0.01161
2013-05-08,42.54,42.68,42.16,42.46,12636300.0,12636300.0,0.08,0.188,42.43333,"May 08, 13",0.00188
2013-05-09,42.51,42.56,42.0,42.12,10113700.0,10113700.0,0.39,0.917,42.22667,"May 09, 13",0.00917
2013-05-10,42.11,42.24,41.85,42.15,9927000.0,9927000.0,-0.04,-0.095,42.08,"May 10, 13",-0.00095
2013-05-13,42.14,42.44,42.0,42.19,9291000.0,9291000.0,-0.05,-0.119,42.21,"May 13, 13",-0.00119
2013-05-14,42.18,42.67,42.01,42.52,13023900.0,13023900.0,-0.34,-0.806,42.4,"May 14, 13",-0.00806
2013-05-15,42.5,43.1,42.39,42.92,12306200.0,12306200.0,-0.42,-0.988,42.80333,"May 15, 13",-0.00988
2013-05-16,42.91,43.43,42.79,43.09,12330000.0,12330000.0,-0.18,-0.419,43.10333,"May 16, 13",-0.00419
2013-05-17,43.05,43.13,42.56,42.97,12611200.0,12611200.0,0.08,0.186,42.88667,"May 17, 13",0.00186
2013-05-20,42.95,42.95,42.3,42.38,9966000.0,9966000.0,0.57,1.327,42.54333,"May 20, 13",0.01327
2013-05-21,42.48,42.56,42.07,42.34,9148800.0,9148800.0,0.14,0.33,42.32333,"May 21, 13",0.0033
2013-05-22,42.28,42.86,42.04,42.25,13615600.0,13615600.0,0.03,0.071,42.38333,"May 22, 13",0.00071
2013-05-23,41.93,42.07,41.56,41.93,10934200.0,10934200.0,0.0,0.0,41.85333,"May 23, 13",0.0
2013-05-24,41.54,42.37,41.5,42.24,11542100.0,11542100.0,-0.7,-1.685,42.03667,"May 24, 13",-0.01685
2013-05-28,42.6,43.05,42.4,42.55,14412100.0,14412100.0,0.05,0.117,42.66667,"May 28, 13",0.00117
2013-05-29,42.34,42.43,41.31,41.4,16986600.0,16986600.0,0.94,2.22,41.71333,"May 29, 13",0.0222
2013-05-30,41.49,41.6,40.75,40.77,20874500.0,20874500.0,0.72,1.735,41.04,"May 30, 13",0.01735
2013-05-31,40.65,40.77,39.99,39.99,26184400.0,26184400.0,0.66,1.624,40.25,"May 31, 13",0.01624
2013-06-03,39.95,40.84,39.63,40.81,16577200.0,16577200.0,-0.86,-2.153,40.42667,"June 03, 13",-0.02153
2013-06-04,41.59,41.72,40.95,41.42,19241000.0,19241000.0,0.17,0.409,41.36333,"June 04, 13",0.00409
2013-06-05,41.4,41.4,40.6,40.65,16429300.0,16429300.0,0.75,1.812,40.88333,"June 05, 13",0.01812
2013-06-06,40.55,40.79,40.31,40.79,11171600.0,11171600.0,-0.24,-0.592,40.63,"June 06, 13",-0.00592
2013-06-07,41.2,41.73,40.98,41.41,14459600.0,14459600.0,-0.21,-0.51,41.37333,"June 07, 13",-0.0051
2013-06-10,41.5,41.52,41.04,41.18,11247400.0,11247400.0,0.32,0.771,41.24667,"June 10, 13",0.00771
2013-06-11,40.88,40.98,40.4,40.79,16491600.0,16491600.0,0.09,0.22,40.72333,"June 11, 13",0.0022
2013-06-12,40.79,40.94,40.28,40.39,11611100.0,11611100.0,0.4,0.981,40.53667,"June 12, 13",0.00981
2013-06-13,40.31,40.48,39.68,40.41,17861200.0,17861200.0,-0.1,-0.248,40.19,"June 13, 13",-0.00248
2013-06-14,40.38,40.79,40.26,40.34,13635100.0,13635100.0,0.04,0.099,40.46333,"June 14, 13",0.00099
2013-06-17,40.54,40.91,40.4,40.68,12409200.0,12409200.0,-0.14,-0.345,40.66333,"June 17, 13",-0.00345
2013-06-18,40.7,40.99,40.57,40.93,9893100.0,9893100.0,-0.23,-0.565,40.83,"June 18, 13",-0.00565
2013-06-19,41.01,41.44,40.41,40.41,16936100.0,16936100.0,0.6,1.463,40.75333,"June 19, 13",0.01463
2013-06-20,40.27,40.35,38.97,39.13,24899700.0,24899700.0,1.14,2.831,39.48333,"June 20, 13",0.02831
2013-06-21,39.63,39.97,39.3,39.76,21938300.0,21938300.0,-0.13,-0.328,39.67667,"June 21, 13",-0.00328
2013-06-24,39.45,40.01,39.13,39.53,16433700.0,16433700.0,-0.08,-0.203,39.55667,"June 24, 13",-0.00203
2013-06-25,39.82,39.93,39.44,39.72,12942100.0,12942100.0,0.1,0.251,39.69667,"June 25, 13",0.00251
2013-06-26,40.08,40.48,40.06,40.33,13855600.0,13855600.0,-0.25,-0.624,40.29,"June 26, 13",-0.00624
2013-06-27,40.65,40.88,40.24,40.26,11459100.0,11459100.0,0.39,0.959,40.46,"June 27, 13",0.00959
2013-06-28,40.25,40.44,40.1,40.11,16316000.0,16316000.0,0.14,0.348,40.21667,"June 28, 13",0.00348
2013-07-01,40.5,40.92,40.36,40.46,10754300.0,10754300.0,0.04,0.099,40.58,"July 01, 13",0.00099
2013-07-02,40.47,40.74,40.18,40.37,12248300.0,12248300.0,0.1,0.247,40.43,"July 02, 13",0.00247
2013-07-03,40.24,40.56,40.03,40.49,5264800.0,5264800.0,-0.25,-0.621,40.36,"July 03, 13",-0.00621
2013-07-05,40.72,40.8,40.15,40.52,10402200.0,10402200.0,0.2,0.491,40.49,"July 05, 13",0.00491
2013-07-08,40.65,40.76,40.42,40.54,9936300.0,9936300.0,0.11,0.271,40.57333,"July 08, 13",0.00271
2013-07-09,40.86,41.07,40.72,40.83,8760500.0,8760500.0,0.03,0.073,40.87333,"July 09, 13",0.00073
2013-07-10,40.92,40.96,40.53,40.68,9539300.0,9539300.0,0.24,0.587,40.72333,"July 10, 13",0.00587
2013-07-11,41.0,41.15,40.74,41.03,13489600.0,13489600.0,-0.03,-0.073,40.97333,"July 11, 13",-0.00073
2013-07-12,41.03,41.13,40.73,41.03,10686400.0,10686400.0,0.0,0.0,40.96333,"July 12, 13",0.0
2013-07-15,41.05,41.25,40.93,41.01,11418400.0,11418400.0,0.04,0.097,41.06333,"July 15, 13",0.00097
2013-07-16,39.78,40.5,39.5,40.23,33575600.0,33575600.0,-0.45,-1.131,40.07667,"July 16, 13",-0.01131
2013-07-17,40.55,40.98,40.31,40.84,18513100.0,18513100.0,-0.29,-0.715,40.71,"July 17, 13",-0.00715
2013-07-18,40.86,41.07,40.74,40.81,9708800.0,9708800.0,0.05,0.122,40.87333,"July 18, 13",0.00122
2013-07-19,40.88,41.1,40.79,41.09,11401100.0,11401100.0,-0.21,-0.514,40.99333,"July 19, 13",-0.00514
2013-07-22,41.08,41.14,40.76,40.84,9425100.0,9425100.0,0.24,0.584,40.91333,"July 22, 13",0.00584
2013-07-23,40.95,41.13,40.79,40.96,9400900.0,9400900.0,-0.01,-0.024,40.96,"July 23, 13",-0.00024
2013-07-24,41.12,41.13,40.75,40.86,10511000.0,10511000.0,0.26,0.632,40.91333,"July 24, 13",0.00632
2013-07-25,40.81,40.88,40.48,40.84,9147300.0,9147300.0,-0.03,-0.074,40.73333,"July 25, 13",-0.00074
2013-07-26,40.65,40.65,40.01,40.64,12279600.0,12279600.0,0.01,0.025,40.43333,"July 26, 13",0.00025
2013-07-29,40.61,40.68,40.26,40.28,10132000.0,10132000.0,0.33,0.813,40.40667,"July 29, 13",0.00813
2013-07-30,40.42,40.73,40.25,40.32,10769400.0,10769400.0,0.1,0.247,40.43333,"July 30, 13",0.00247
2013-07-31,40.41,40.58,40.06,40.08,13557100.0,13557100.0,0.33,0.817,40.24,"July 31, 13",0.00817
2013-08-01,40.4,40.75,40.4,40.57,12001100.0,12001100.0,-0.17,-0.421,40.57333,"August 01, 13",-0.00421
2013-08-02,40.03,40.41,39.91,40.22,25516600.0,25516600.0,-0.19,-0.475,40.18,"August 02, 13",-0.00475
2013-08-05,40.18,40.47,40.18,40.29,9933200.0,9933200.0,-0.11,-0.274,40.31333,"August 05, 13",-0.00274
2013-08-06,40.23,40.43,40.06,40.37,8645600.0,8645600.0,-0.14,-0.348,40.28667,"August 06, 13",-0.00348
2013-08-07,40.31,40.33,40.06,40.15,9301800.0,9301800.0,0.16,0.397,40.18,"August 07, 13",0.00397
2013-08-08,40.3,40.36,40.02,40.2,9481100.0,9481100.0,0.1,0.248,40.19333,"August 08, 13",0.00248
2013-08-09,40.25,40.32,40.05,40.16,9021600.0,9021600.0,0.09,0.224,40.17667,"August 09, 13",0.00224
2013-08-12,40.04,40.1,39.71,39.83,13970000.0,13970000.0,0.21,0.524,39.88,"August 12, 13",0.00524
2013-08-13,39.93,40.05,39.5,39.65,13548700.0,13548700.0,0.28,0.701,39.73333,"August 13, 13",0.00701
2013-08-14,39.59,39.68,39.35,39.53,13787100.0,13787100.0,0.06,0.152,39.52,"August 14, 13",0.00152
2013-08-15,39.3,39.4,39.02,39.09,14227800.0,14227800.0,0.21,0.534,39.17,"August 15, 13",0.00534
2013-08-16,39.03,39.18,38.71,39.05,20565200.0,20565200.0,-0.02,-0.051,38.98,"August 16, 13",-0.00051
2013-08-19,39.05,39.09,38.69,38.78,11913000.0,11913000.0,0.27,0.691,38.85333,"August 19, 13",0.00691
2013-08-20,38.85,39.14,38.65,38.65,10238200.0,10238200.0,0.2,0.515,38.81333,"August 20, 13",0.00515
2013-08-21,38.63,38.7,38.25,38.28,15799000.0,15799000.0,0.35,0.906,38.41,"August 21, 13",0.00906
2013-08-22,38.32,38.52,38.1,38.31,10307900.0,10307900.0,0.01,0.026,38.31,"August 22, 13",0.00026
2013-08-23,38.61,38.61,38.37,38.52,11302800.0,11302800.0,0.09,0.233,38.5,"August 23, 13",0.00233
2013-08-26,38.6,38.6,38.11,38.12,12740600.0,12740600.0,0.48,1.244,38.27667,"August 26, 13",0.01244
2013-08-27,37.98,38.24,37.8,38.15,16742500.0,16742500.0,-0.17,-0.448,38.06333,"August 27, 13",-0.00448
2013-08-28,38.06,38.53,38.05,38.35,19245200.0,19245200.0,-0.29,-0.762,38.31,"August 28, 13",-0.00762
2013-08-29,38.47,38.47,38.1,38.1,14215700.0,14215700.0,0.37,0.962,38.22333,"August 29, 13",0.00962
2013-08-30,38.16,38.28,38.0,38.18,14296600.0,14296600.0,-0.02,-0.052,38.15333,"August 30, 13",-0.00052
2013-09-03,38.27,38.4,37.8,37.9,19068500.0,19068500.0,0.37,0.967,38.03333,"September 03, 13",0.00967
2013-09-04,37.88,38.73,37.81,38.54,19138600.0,19138600.0,-0.66,-1.742,38.36,"September 04, 13",-0.01742
2013-09-05,38.63,38.69,38.06,38.24,14290500.0,14290500.0,0.39,1.01,38.33,"September 05, 13",0.0101
2013-09-06,38.38,38.62,38.1,38.35,13976900.0,13976900.0,0.03,0.078,38.35667,"September 06, 13",0.00078
2013-09-09,38.52,38.55,38.27,38.52,10605500.0,10605500.0,0.0,0.0,38.44667,"September 09, 13",0.0
2013-09-10,38.77,38.78,38.51,38.63,11757300.0,11757300.0,0.14,0.361,38.64,"September 10, 13",0.00361
2013-09-11,38.68,38.78,38.53,38.78,11996500.0,11996500.0,-0.1,-0.259,38.69667,"September 11, 13",-0.00259
2013-09-12,38.59,38.61,38.28,38.44,12114100.0,12114100.0,0.15,0.389,38.44333,"September 12, 13",0.00389
2013-09-13,38.56,38.74,38.42,38.69,11623600.0,11623600.0,-0.13,-0.337,38.61667,"September 13, 13",-0.00337
2013-09-16,39.03,39.2,38.74,38.86,13351500.0,13351500.0,0.17,0.436,38.93333,"September 16, 13",0.00436
2013-09-17,38.81,39.09,38.79,38.79,12881700.0,12881700.0,0.02,0.052,38.89,"September 17, 13",0.00052
2013-09-18,38.81,39.6,38.58,39.59,18030500.0,18030500.0,-0.78,-2.01,39.25667,"September 18, 13",-0.0201
2013-09-19,39.64,39.67,39.15,39.31,14251700.0,14251700.0,0.33,0.832,39.37667,"September 19, 13",0.00832
2013-09-20,39.33,39.4,38.78,39.4,30675300.0,30675300.0,-0.07,-0.178,39.19333,"September 20, 13",-0.00178
2013-09-23,39.16,39.19,38.44,38.63,19016200.0,19016200.0,0.53,1.353,38.75333,"September 23, 13",0.01353
2013-09-24,38.72,38.87,38.52,38.53,15083300.0,15083300.0,0.19,0.491,38.64,"September 24, 13",0.00491
2013-09-25,38.65,38.68,38.3,38.33,11446100.0,11446100.0,0.32,0.828,38.43667,"September 25, 13",0.00828
2013-09-26,38.49,38.74,38.39,38.74,10941100.0,10941100.0,-0.25,-0.65,38.62333,"September 26, 13",-0.0065
2013-09-27,38.57,38.58,38.15,38.4,12609600.0,12609600.0,0.17,0.441,38.37667,"September 27, 13",0.00441
2013-09-30,38.19,38.3,37.75,37.88,18101500.0,18101500.0,0.31,0.812,37.97667,"September 30, 13",0.00812
2013-10-01,38.0,38.09,37.62,37.95,13196000.0,13196000.0,0.05,0.132,37.88667,"October 01, 13",0.00132
2013-10-02,37.81,37.81,37.21,37.43,25664200.0,25664200.0,0.38,1.005,37.48333,"October 02, 13",0.01005
2013-10-03,37.46,37.46,37.13,37.16,14437900.0,14437900.0,0.3,0.801,37.25,"October 03, 13",0.00801
2013-10-04,37.25,37.27,36.91,37.2,17217500.0,17217500.0,0.05,0.134,37.12667,"October 04, 13",0.00134
2013-10-07,37.08,37.38,36.83,37.05,16708600.0,16708600.0,0.03,0.081,37.08667,"October 07, 13",0.00081
2013-10-08,37.1,37.41,36.9,37.28,20471300.0,20471300.0,-0.18,-0.485,37.19667,"October 08, 13",-0.00485
2013-10-09,37.38,37.42,37.01,37.08,18998900.0,18998900.0,0.3,0.803,37.17,"October 09, 13",0.00803
2013-10-10,37.77,37.86,37.45,37.78,17174400.0,17174400.0,-0.01,-0.026,37.69667,"October 10, 13",-0.00026
2013-10-11,37.92,37.92,37.52,37.77,14266900.0,14266900.0,0.15,0.396,37.73667,"October 11, 13",0.00396
2013-10-14,37.56,37.95,37.51,37.91,14202900.0,14202900.0,-0.35,-0.932,37.79,"October 14, 13",-0.00932
2013-10-15,38.18,38.37,37.6,37.66,21676600.0,21676600.0,0.52,1.362,37.87667,"October 15, 13",0.01362
2013-10-16,38.01,38.24,37.78,38.0,17995100.0,17995100.0,0.01,0.026,38.00667,"October 16, 13",0.00026
2013-10-17,38.06,38.56,38.01,38.55,15900200.0,15900200.0,-0.49,-1.287,38.37333,"October 17, 13",-0.01287
2013-10-18,38.58,38.78,38.42,38.78,18896600.0,18896600.0,-0.2,-0.518,38.66,"October 18, 13",-0.00518
2013-10-21,38.95,38.95,38.6,38.82,12977500.0,12977500.0,0.13,0.334,38.79,"October 21, 13",0.00334
2013-10-22,38.86,39.25,38.69,39.09,17110200.0,17110200.0,-0.23,-0.592,39.01,"October 22, 13",-0.00592
2013-10-23,39.08,39.25,38.8,39.09,12591800.0,12591800.0,-0.01,-0.026,39.04667,"October 23, 13",-0.00026
2013-10-24,39.15,39.37,38.76,38.8,17143800.0,17143800.0,0.35,0.894,38.97667,"October 24, 13",0.00894
2013-10-25,38.84,39.13,38.63,39.03,14383400.0,14383400.0,-0.19,-0.489,38.93,"October 25, 13",-0.00489
2013-10-28,39.02,39.74,38.99,39.61,16552100.0,16552100.0,-0.59,-1.512,39.44667,"October 28, 13",-0.01512
2013-10-29,39.57,39.96,39.35,39.8,14199600.0,14199600.0,-0.23,-0.581,39.70333,"October 29, 13",-0.00581
2013-10-30,39.88,39.89,39.51,39.62,12360000.0,12360000.0,0.26,0.652,39.67333,"October 30, 13",0.00652
2013-10-31,39.51,39.86,39.51,39.57,14853500.0,14853500.0,-0.06,-0.152,39.64667,"October 31, 13",-0.00152
2013-11-01,39.57,39.72,39.33,39.61,12430400.0,12430400.0,-0.04,-0.101,39.55333,"November 01, 13",-0.00101
2013-11-04,39.71,39.81,39.3,39.51,10252100.0,10252100.0,0.2,0.504,39.54,"November 04, 13",0.00504
2013-11-05,39.36,39.64,39.22,39.5,10575000.0,10575000.0,-0.14,-0.356,39.45333,"November 05, 13",-0.00356
2013-11-06,39.62,40.22,39.42,40.05,17198000.0,17198000.0,-0.43,-1.085,39.89667,"November 06, 13",-0.01085
2013-11-07,40.08,40.25,39.76,39.83,16233200.0,16233200.0,0.25,0.624,39.94667,"November 07, 13",0.00624
2013-11-08,39.74,40.05,39.49,40.05,11903600.0,11903600.0,-0.31,-0.78,39.86333,"November 08, 13",-0.0078
2013-11-11,40.01,40.05,39.77,39.87,9567800.0,9567800.0,0.14,0.35,39.89667,"November 11, 13",0.0035
2013-11-12,39.91,39.99,39.62,39.88,10509200.0,10509200.0,0.03,0.075,39.83,"November 12, 13",0.00075
2013-11-13,39.82,40.12,39.65,40.12,11770500.0,11770500.0,-0.3,-0.753,39.96333,"November 13, 13",-0.00753
2013-11-14,40.09,40.44,40.03,40.21,10887200.0,10887200.0,-0.12,-0.299,40.22667,"November 14, 13",-0.00299
2013-11-15,40.16,40.32,39.96,40.22,12021500.0,12021500.0,-0.06,-0.149,40.16667,"November 15, 13",-0.00149
2013-11-18,40.24,40.24,40.0,40.17,9553900.0,9553900.0,0.07,0.174,40.13667,"November 18, 13",0.00174
2013-11-19,40.14,40.23,39.92,40.14,11014800.0,11014800.0,0.0,0.0,40.09667,"November 19, 13",0.0
2013-11-20,40.05,40.45,39.94,40.06,14422500.0,14422500.0,-0.01,-0.025,40.15,"November 20, 13",-0.00025
2013-11-21,40.2,40.49,40.1,40.43,26364300.0,26364300.0,-0.23,-0.572,40.34,"November 21, 13",-0.00572
2013-11-22,40.34,40.46,40.09,40.43,26396500.0,26396500.0,-0.09,-0.223,40.32667,"November 22, 13",-0.00223
2013-11-25,40.48,40.88,40.33,40.37,14059100.0,14059100.0,0.11,0.272,40.52667,"November 25, 13",0.00272
2013-11-26,40.49,40.6,40.24,40.25,14240400.0,14240400.0,0.24,0.593,40.36333,"November 26, 13",0.00593
2013-11-27,40.09,40.38,39.69,40.19,9909100.0,9909100.0,-0.1,-0.249,40.08667,"November 27, 13",-0.00249
2013-11-29,40.27,40.48,40.11,40.19,8641100.0,8641100.0,0.08,0.199,40.26,"November 29, 13",0.00199
2013-12-02,40.1,40.2,39.75,40.08,16738800.0,16738800.0,0.02,0.05,40.01,"December 02, 13",0.0005
2013-12-03,40.05,40.39,40.01,40.35,16592300.0,16592300.0,-0.3,-0.749,40.25,"December 03, 13",-0.00749
2013-12-04,40.2,40.47,39.94,40.37,13196100.0,13196100.0,-0.17,-0.423,40.26,"December 04, 13",-0.00423
2013-12-05,40.28,40.4,39.8,39.83,18171200.0,18171200.0,0.45,1.117,40.01,"December 05, 13",0.01117
2013-12-06,40.05,40.5,40.05,40.46,12557100.0,12557100.0,-0.41,-1.024,40.33667,"December 06, 13",-0.01024
2013-12-09,40.4,40.5,40.2,40.4,12237100.0,12237100.0,0.0,0.0,40.36667,"December 09, 13",0.0
2013-12-10,40.26,40.29,39.75,39.85,15967800.0,15967800.0,0.41,1.018,39.96333,"December 10, 13",0.01018
2013-12-11,39.95,40.34,39.89,40.13,14963500.0,14963500.0,-0.18,-0.451,40.12,"December 11, 13",-0.00451
2013-12-12,39.99,40.21,39.18,39.21,19817700.0,19817700.0,0.78,1.95,39.53333,"December 12, 13",0.0195
2013-12-13,39.47,39.64,39.21,39.23,14037400.0,14037400.0,0.24,0.608,39.36,"December 13, 13",0.00608
2013-12-16,39.46,39.57,39.2,39.27,14562100.0,14562100.0,0.19,0.482,39.34667,"December 16, 13",0.00482
2013-12-17,39.12,39.25,38.87,39.1,17655700.0,17655700.0,0.02,0.051,39.07333,"December 17, 13",0.00051
2013-12-18,39.26,40.08,39.0,40.02,23884500.0,23884500.0,-0.76,-1.936,39.7,"December 18, 13",-0.01936
2013-12-19,39.97,40.1,39.56,39.86,14791800.0,14791800.0,0.11,0.275,39.84,"December 19, 13",0.00275
2013-12-20,39.92,40.19,39.85,40.04,22237200.0,22237200.0,-0.12,-0.301,40.02667,"December 20, 13",-0.00301
2013-12-23,40.1,40.24,39.87,40.16,10943200.0,10943200.0,-0.06,-0.15,40.09,"December 23, 13",-0.0015
2013-12-24,40.17,40.31,40.1,40.19,4783800.0,4783800.0,-0.02,-0.05,40.2,"December 24, 13",-0.0005
2013-12-26,40.22,40.54,40.14,40.49,8588300.0,8588300.0,-0.27,-0.671,40.39,"December 26, 13",-0.00671
2013-12-27,40.69,40.79,40.53,40.66,6762200.0,6762200.0,0.03,0.074,40.66,"December 27, 13",0.00074
2013-12-30,40.77,41.14,40.76,41.09,10927500.0,10927500.0,-0.32,-0.785,40.99667,"December 30, 13",-0.00785
2013-12-31,41.13,41.39,40.98,41.31,11729200.0,11729200.0,-0.18,-0.438,41.22667,"December 31, 13",-0.00438
2014-01-02,41.12,41.23,40.51,40.66,12698600.0,12698600.0,0.46,1.119,40.8,"January 02, 14",0.01119
2014-01-03,40.68,40.73,40.35,40.46,10403400.0,10403400.0,0.22,0.541,40.51333,"January 03, 14",0.00541
2014-01-06,40.48,40.59,40.16,40.27,11036300.0,11036300.0,0.21,0.519,40.34,"January 06, 14",0.00519
2014-01-07,40.48,40.72,40.29,40.39,11872300.0,11872300.0,0.09,0.222,40.46667,"January 07, 14",0.00222
2014-01-08,40.44,40.44,39.83,39.94,15339600.0,15339600.0,0.5,1.236,40.07,"January 08, 14",0.01236
2014-01-09,39.95,40.0,39.52,39.73,14070200.0,14070200.0,0.22,0.551,39.75,"January 09, 14",0.00551
2014-01-10,39.96,40.29,39.9,40.13,13290000.0,13290000.0,-0.17,-0.425,40.10667,"January 10, 14",-0.00425
2014-01-13,40.0,40.13,39.5,39.53,14091900.0,14091900.0,0.47,1.175,39.72,"January 13, 14",0.01175
2014-01-14,39.64,39.92,39.58,39.69,12801100.0,12801100.0,-0.05,-0.126,39.73,"January 14, 14",-0.00126
2014-01-15,39.83,39.94,39.58,39.76,12844900.0,12844900.0,0.07,0.176,39.76,"January 15, 14",0.00176
2014-01-16,39.78,39.82,39.58,39.71,11063100.0,11063100.0,0.07,0.176,39.70333,"January 16, 14",0.00176
2014-01-17,39.72,39.75,39.28,39.28,13992700.0,13992700.0,0.44,1.108,39.43667,"January 17, 14",0.01108
2014-01-21,39.64,39.92,39.53,39.92,17579000.0,17579000.0,-0.28,-0.706,39.79,"January 21, 14",-0.00706
2014-01-22,39.99,40.09,39.75,39.9,9841700.0,9841700.0,0.09,0.225,39.91333,"January 22, 14",0.00225
2014-01-23,39.61,39.64,39.12,39.24,14828100.0,14828100.0,0.37,0.934,39.33333,"January 23, 14",0.00934
2014-01-24,39.08,39.25,38.82,38.84,16507500.0,16507500.0,0.24,0.614,38.97,"January 24, 14",0.00614
2014-01-27,38.82,38.98,38.71,38.73,14601900.0,14601900.0,0.09,0.232,38.80667,"January 27, 14",0.00232
2014-01-28,38.77,39.08,38.62,38.87,8915500.0,8915500.0,-0.1,-0.258,38.85667,"January 28, 14",-0.00258
2014-01-29,38.57,38.57,37.82,37.9,23776100.0,23776100.0,0.67,1.737,38.09667,"January 29, 14",0.01737
2014-01-30,38.0,38.41,38.0,38.17,13662000.0,13662000.0,-0.17,-0.447,38.19333,"January 30, 14",-0.00447
2014-01-31,37.95,38.16,37.72,37.82,16185000.0,16185000.0,0.13,0.343,37.9,"January 31, 14",0.00343
2014-02-03,38.02,38.02,37.1,37.2,23164900.0,23164900.0,0.82,2.157,37.44,"February 03, 14",0.02157
2014-02-04,37.44,37.55,37.21,37.48,17759700.0,17759700.0,-0.04,-0.107,37.41333,"February 04, 14",-0.00107
2014-02-05,37.49,37.72,37.38,37.61,13665200.0,13665200.0,-0.12,-0.32,37.57,"February 05, 14",-0.0032
2014-02-06,38.76,38.94,37.92,38.03,22661500.0,22661500.0,0.73,1.883,38.29667,"February 06, 14",0.01883
2014-02-07,38.17,38.35,37.87,37.95,20389000.0,20389000.0,0.22,0.576,38.05667,"February 07, 14",0.00576
2014-02-10,38.07,38.62,37.84,38.57,20877200.0,20877200.0,-0.5,-1.313,38.34333,"February 10, 14",-0.01313
2014-02-11,38.67,38.78,38.51,38.64,15361300.0,15361300.0,0.03,0.078,38.64333,"February 11, 14",0.00078
2014-02-12,38.85,38.92,38.4,38.51,10633400.0,10633400.0,0.34,0.875,38.61,"February 12, 14",0.00875
2014-02-13,38.13,38.76,38.13,38.65,10435600.0,10435600.0,-0.52,-1.364,38.51333,"February 13, 14",-0.01364
2014-02-14,38.6,39.02,38.27,38.93,16030100.0,16030100.0,-0.33,-0.855,38.74,"February 14, 14",-0.00855
2014-02-18,37.98,38.11,37.26,37.47,46098500.0,46098500.0,0.51,1.343,37.61333,"February 18, 14",0.01343
2014-02-19,37.5,37.6,37.05,37.1,26645100.0,26645100.0,0.4,1.067,37.25,"February 19, 14",0.01067
2014-02-20,37.06,37.52,36.89,37.3,22639900.0,22639900.0,-0.24,-0.648,37.23667,"February 20, 14",-0.00648
2014-02-21,37.59,37.62,37.14,37.18,19419800.0,19419800.0,0.41,1.091,37.31333,"February 21, 14",0.01091
2014-02-24,37.3,37.6,37.22,37.5,24223500.0,24223500.0,-0.2,-0.536,37.44,"February 24, 14",-0.00536
2014-02-25,37.63,37.94,37.5,37.77,22845500.0,22845500.0,-0.14,-0.372,37.73667,"February 25, 14",-0.00372
2014-02-26,37.9,37.94,37.72,37.87,18195100.0,18195100.0,0.03,0.079,37.84333,"February 26, 14",0.00079
2014-02-27,37.84,38.11,37.8,38.07,18423400.0,18423400.0,-0.23,-0.608,37.99333,"February 27, 14",-0.00608
2014-02-28,38.08,38.39,38.04,38.2,15763200.0,15763200.0,-0.12,-0.315,38.21,"February 28, 14",-0.00315
2014-03-03,37.88,38.16,37.85,38.12,18683400.0,18683400.0,-0.24,-0.634,38.04333,"March 03, 14",-0.00634
2014-03-04,38.34,38.39,38.23,38.31,20425200.0,20425200.0,0.03,0.078,38.31,"March 04, 14",0.00078
2014-03-05,38.42,38.45,38.25,38.35,14367400.0,14367400.0,0.07,0.182,38.35,"March 05, 14",0.00182
2014-03-06,38.4,38.55,38.27,38.47,14700000.0,14700000.0,-0.07,-0.182,38.43,"March 06, 14",-0.00182
2014-03-07,38.56,38.61,38.36,38.55,17047600.0,17047600.0,0.01,0.026,38.50667,"March 07, 14",0.00026
2014-03-10,38.55,38.65,38.44,38.65,14540800.0,14540800.0,-0.1,-0.259,38.58,"March 10, 14",-0.00259
2014-03-11,38.84,38.84,38.54,38.8,13812100.0,13812100.0,0.04,0.103,38.72667,"March 11, 14",0.00103
2014-03-12,38.27,38.5,38.21,38.47,15673700.0,15673700.0,-0.2,-0.523,38.39333,"March 12, 14",-0.00523
2014-03-13,38.45,38.49,37.92,37.97,18302800.0,18302800.0,0.48,1.248,38.12667,"March 13, 14",0.01248
2014-03-14,37.95,38.32,37.88,38.17,14687200.0,14687200.0,-0.22,-0.58,38.12333,"March 14, 14",-0.0058
2014-03-17,38.17,38.37,38.05,38.27,19203000.0,19203000.0,-0.1,-0.262,38.23,"March 17, 14",-0.00262
2014-03-18,38.27,38.46,38.14,38.4,16880400.0,16880400.0,-0.13,-0.34,38.33333,"March 18, 14",-0.0034
2014-03-19,38.36,38.59,38.1,38.14,20882200.0,20882200.0,0.22,0.574,38.27667,"March 19, 14",0.00574
2014-03-20,38.11,38.47,37.95,38.45,13228000.0,13228000.0,-0.34,-0.892,38.29,"March 20, 14",-0.00892
2014-03-21,38.78,38.83,38.28,38.44,19189100.0,19189100.0,0.34,0.877,38.51667,"March 21, 14",0.00877
2014-03-24,38.48,38.53,38.21,38.4,15693000.0,15693000.0,0.08,0.208,38.38,"March 24, 14",0.00208
2014-03-25,38.49,38.8,38.46,38.62,16898900.0,16898900.0,-0.13,-0.338,38.62667,"March 25, 14",-0.00338
2014-03-26,38.69,38.94,38.61,38.61,15835500.0,15835500.0,0.08,0.207,38.72,"March 26, 14",0.00207
2014-03-27,38.51,39.0,38.48,38.82,13031500.0,13031500.0,-0.31,-0.805,38.76667,"March 27, 14",-0.00805
2014-03-28,38.89,39.03,38.82,38.95,11502100.0,11502100.0,-0.06,-0.154,38.93333,"March 28, 14",-0.00154
2014-03-31,38.99,39.03,38.46,38.66,24489800.0,24489800.0,0.33,0.846,38.71667,"March 31, 14",0.00846
2014-04-01,38.53,38.89,38.31,38.41,20515700.0,20515700.0,0.12,0.311,38.53667,"April 01, 14",0.00311
2014-04-02,38.49,38.54,38.3,38.33,15709100.0,15709100.0,0.16,0.416,38.39,"April 02, 14",0.00416
2014-04-03,38.39,38.49,38.04,38.07,18114000.0,18114000.0,0.32,0.834,38.2,"April 03, 14",0.00834
2014-04-04,38.24,38.48,38.14,38.22,15453600.0,15453600.0,0.02,0.052,38.28,"April 04, 14",0.00052
2014-04-07,38.27,38.89,38.26,38.62,17295700.0,17295700.0,-0.35,-0.915,38.59,"April 07, 14",-0.00915
2014-04-08,38.67,38.9,38.48,38.9,14769900.0,14769900.0,-0.23,-0.595,38.76,"April 08, 14",-0.00595
2014-04-09,38.84,38.99,38.7,38.99,12031400.0,12031400.0,-0.15,-0.386,38.89333,"April 09, 14",-0.00386
2014-04-10,38.98,39.4,38.82,38.89,21025700.0,21025700.0,0.09,0.231,39.03667,"April 10, 14",0.00231
2014-04-11,38.83,39.22,38.57,38.63,18084200.0,18084200.0,0.2,0.515,38.80667,"April 11, 14",0.00515
2014-04-14,38.71,38.8,38.4,38.73,19389800.0,19389800.0,-0.02,-0.052,38.64333,"April 14, 14",-0.00052
2014-04-15,39.83,40.47,39.5,40.18,47529200.0,47529200.0,-0.35,-0.879,40.05,"April 15, 14",-0.00879
2014-04-16,40.12,40.59,40.12,40.59,21919900.0,21919900.0,-0.47,-1.171,40.43333,"April 16, 14",-0.01171
2014-04-17,40.43,40.72,40.25,40.72,18547100.0,18547100.0,-0.29,-0.717,40.56333,"April 17, 14",-0.00717
2014-04-21,40.47,40.76,40.35,40.75,12630900.0,12630900.0,-0.28,-0.692,40.62,"April 21, 14",-0.00692
2014-04-22,40.58,40.76,40.42,40.71,17404900.0,17404900.0,-0.13,-0.32,40.63,"April 22, 14",-0.0032
2014-04-23,40.7,40.81,40.56,40.73,12072500.0,12072500.0,-0.03,-0.074,40.7,"April 23, 14",-0.00074
2014-04-24,40.7,40.89,40.46,40.7,11392600.0,11392600.0,0.0,0.0,40.68333,"April 24, 14",0.0
2014-04-25,40.46,41.01,40.44,41.01,16811400.0,16811400.0,-0.55,-1.359,40.82,"April 25, 14",-0.01359
2014-04-28,40.82,41.28,40.74,41.03,20736700.0,20736700.0,-0.21,-0.514,41.01667,"April 28, 14",-0.00514
2014-04-29,40.97,41.03,40.52,40.57,18928400.0,18928400.0,0.4,0.976,40.70667,"April 29, 14",0.00976
2014-04-30,40.69,40.88,40.59,40.79,12362000.0,12362000.0,-0.1,-0.246,40.75333,"April 30, 14",-0.00246
2014-05-01,40.79,40.8,40.26,40.78,15385800.0,15385800.0,0.01,0.025,40.61333,"May 01, 14",0.00025
2014-05-02,40.79,40.96,40.63,40.95,14197000.0,14197000.0,-0.16,-0.392,40.84667,"May 02, 14",-0.00392
2014-05-05,40.65,40.93,40.55,40.76,10163500.0,10163500.0,-0.11,-0.271,40.74667,"May 05, 14",-0.00271
2014-05-06,40.52,40.66,40.45,40.49,9359900.0,9359900.0,0.03,0.074,40.53333,"May 06, 14",0.00074
2014-05-07,40.7,40.97,40.63,40.91,11115600.0,11115600.0,-0.21,-0.516,40.83667,"May 07, 14",-0.00516
2014-05-08,40.85,40.96,40.65,40.73,8538700.0,8538700.0,0.12,0.294,40.78,"May 08, 14",0.00294
2014-05-09,40.78,40.95,40.71,40.87,8516400.0,8516400.0,-0.09,-0.221,40.84333,"May 09, 14",-0.00221
2014-05-12,40.88,40.97,40.69,40.82,8906000.0,8906000.0,0.06,0.147,40.82667,"May 12, 14",0.00147
2014-05-13,40.83,41.22,40.82,41.11,11579600.0,11579600.0,-0.28,-0.686,41.05,"May 13, 14",-0.00686
2014-05-14,41.02,41.18,40.83,40.89,10036100.0,10036100.0,0.13,0.317,40.96667,"May 14, 14",0.00317
2014-05-15,40.62,40.96,40.44,40.52,12379200.0,12379200.0,0.1,0.246,40.64,"May 15, 14",0.00246
2014-05-16,40.52,40.91,40.45,40.89,13823900.0,13823900.0,-0.37,-0.913,40.75,"May 16, 14",-0.00913
2014-05-19,40.6,40.73,40.42,40.71,7559500.0,7559500.0,-0.11,-0.271,40.62,"May 19, 14",-0.00271
2014-05-20,40.8,40.93,40.57,40.58,9639500.0,9639500.0,0.22,0.539,40.69333,"May 20, 14",0.00539
2014-05-21,40.55,40.88,40.5,40.87,8607300.0,8607300.0,-0.32,-0.789,40.75,"May 21, 14",-0.00789
2014-05-22,40.77,40.84,40.53,40.58,8430400.0,8430400.0,0.19,0.466,40.65,"May 22, 14",0.00466
2014-05-23,40.63,40.7,40.53,40.58,6255200.0,6255200.0,0.05,0.123,40.60333,"May 23, 14",0.00123
2014-05-27,40.56,40.82,40.48,40.77,11282900.0,11282900.0,-0.21,-0.518,40.69,"May 27, 14",-0.00518
2014-05-28,40.7,40.89,40.53,40.58,7536700.0,7536700.0,0.12,0.295,40.66667,"May 28, 14",0.00295
2014-05-29,40.68,40.87,40.6,40.66,9867100.0,9867100.0,0.02,0.049,40.71,"May 29, 14",0.00049
2014-05-30,40.54,40.92,40.49,40.91,10446100.0,10446100.0,-0.37,-0.913,40.77333,"May 30, 14",-0.00913
2014-06-02,40.75,40.89,40.68,40.86,7472100.0,7472100.0,-0.11,-0.27,40.81,"June 02, 14",-0.0027
2014-06-03,40.72,41.0,40.71,40.88,10493100.0,10493100.0,-0.16,-0.393,40.86333,"June 03, 14",-0.00393
2014-06-04,40.91,40.92,40.71,40.79,7864700.0,7864700.0,0.12,0.293,40.80667,"June 04, 14",0.00293
2014-06-05,40.73,41.0,40.63,40.89,10131700.0,10131700.0,-0.16,-0.393,40.84,"June 05, 14",-0.00393
2014-06-06,40.94,41.06,40.84,40.99,8760600.0,8760600.0,-0.05,-0.122,40.96333,"June 06, 14",-0.00122
2014-06-09,40.85,41.09,40.85,40.91,7316400.0,7316400.0,-0.06,-0.147,40.95,"June 09, 14",-0.00147
2014-06-10,40.84,41.15,40.81,41.07,9168600.0,9168600.0,-0.23,-0.563,41.01,"June 10, 14",-0.00563
2014-06-11,40.98,41.06,40.79,40.86,9648600.0,9648600.0,0.12,0.293,40.90333,"June 11, 14",0.00293
2014-06-12,40.41,40.68,40.37,40.42,11583600.0,11583600.0,-0.01,-0.025,40.49,"June 12, 14",-0.00025
2014-06-13,40.39,40.53,40.25,40.37,9194600.0,9194600.0,0.02,0.05,40.38333,"June 13, 14",0.0005
2014-06-16,40.19,40.77,40.15,40.66,12878200.0,12878200.0,-0.47,-1.169,40.52667,"June 16, 14",-0.01169
2014-06-17,41.18,41.2,40.61,40.92,26926600.0,26926600.0,0.26,0.631,40.91,"June 17, 14",0.00631
2014-06-18,40.79,41.57,40.75,41.56,18518200.0,18518200.0,-0.77,-1.888,41.29333,"June 18, 14",-0.01888
2014-06-19,41.54,41.87,41.53,41.79,13275200.0,13275200.0,-0.25,-0.602,41.73,"June 19, 14",-0.00602
2014-06-20,41.87,41.88,41.53,41.69,23402600.0,23402600.0,0.18,0.43,41.7,"June 20, 14",0.0043
2014-06-23,41.46,41.74,41.33,41.73,13099300.0,13099300.0,-0.27,-0.651,41.6,"June 23, 14",-0.00651
2014-06-24,41.52,41.89,41.47,41.85,14962800.0,14962800.0,-0.33,-0.795,41.73667,"June 24, 14",-0.00795
2014-06-25,41.6,41.98,41.46,41.96,17621800.0,17621800.0,-0.36,-0.865,41.8,"June 25, 14",-0.00865
2014-06-26,41.91,42.05,41.78,42.03,16903300.0,16903300.0,-0.12,-0.286,41.95333,"June 26, 14",-0.00286
2014-06-27,41.99,42.29,41.91,42.19,18674400.0,18674400.0,-0.2,-0.476,42.13,"June 27, 14",-0.00476
2014-06-30,41.98,42.49,41.82,42.36,14058700.0,14058700.0,-0.38,-0.905,42.22333,"June 30, 14",-0.00905
2014-07-01,42.39,42.45,42.15,42.29,11497700.0,11497700.0,0.1,0.236,42.29667,"July 01, 14",0.00236
2014-07-02,42.31,42.41,42.15,42.29,6707000.0,6707000.0,0.02,0.047,42.28333,"July 02, 14",0.00047
2014-07-03,42.26,42.32,42.01,42.23,7537700.0,7537700.0,0.03,0.071,42.18667,"July 03, 14",0.00071
2014-07-07,41.96,42.2,41.93,42.14,8991900.0,8991900.0,-0.18,-0.429,42.09,"July 07, 14",-0.00429
2014-07-08,41.97,42.25,41.91,41.94,10090500.0,10090500.0,0.03,0.071,42.03333,"July 08, 14",0.00071
2014-07-09,41.93,42.16,41.79,41.95,9891600.0,9891600.0,-0.02,-0.048,41.96667,"July 09, 14",-0.00048
2014-07-10,41.56,42.29,41.55,42.26,12564500.0,12564500.0,-0.7,-1.684,42.03333,"July 10, 14",-0.01684
2014-07-11,42.12,42.25,41.88,41.97,9773000.0,9773000.0,0.15,0.356,42.03333,"July 11, 14",0.00356
2014-07-14,41.99,42.39,41.98,42.38,11857700.0,11857700.0,-0.39,-0.929,42.25,"July 14, 14",-0.00929
2014-07-15,42.41,42.43,41.95,42.1,10541900.0,10541900.0,0.31,0.731,42.16,"July 15, 14",0.00731
2014-07-16,42.26,42.39,42.02,42.12,10331400.0,10331400.0,0.14,0.331,42.17667,"July 16, 14",0.00331
2014-07-17,41.93,42.15,41.83,42.02,9983500.0,9983500.0,-0.09,-0.215,42.0,"July 17, 14",-0.00215
2014-07-18,42.14,42.47,42.02,42.43,19272400.0,19272400.0,-0.29,-0.688,42.30667,"July 18, 14",-0.00688
2014-07-21,42.12,42.57,42.09,42.4,17607200.0,17607200.0,-0.28,-0.665,42.35333,"July 21, 14",-0.00665
2014-07-22,41.1,41.33,40.61,41.19,24706000.0,24706000.0,-0.09,-0.219,41.04333,"July 22, 14",-0.00219
2014-07-23,40.98,41.05,40.63,40.81,17531700.0,17531700.0,0.17,0.415,40.83,"July 23, 14",0.00415
2014-07-24,40.97,41.1,40.66,40.97,14856000.0,14856000.0,0.0,0.0,40.91,"July 24, 14",0.0
2014-07-25,40.92,41.04,40.81,41.0,10809900.0,10809900.0,-0.08,-0.196,40.95,"July 25, 14",-0.00196
2014-07-28,40.99,41.0,40.61,40.68,11709100.0,11709100.0,0.31,0.756,40.76333,"July 28, 14",0.00756
2014-07-29,40.75,40.78,40.35,40.35,10863600.0,10863600.0,0.4,0.982,40.49333,"July 29, 14",0.00982
2014-07-30,40.45,40.5,39.61,39.62,20346200.0,20346200.0,0.83,2.052,39.91,"July 30, 14",0.02052
2014-07-31,39.53,39.73,39.25,39.29,15434700.0,15434700.0,0.24,0.607,39.42333,"July 31, 14",0.00607
2014-08-01,39.13,39.49,39.06,39.29,13566700.0,13566700.0,-0.16,-0.409,39.28,"August 01, 14",-0.00409
2014-08-04,39.41,39.46,39.12,39.4,11012900.0,11012900.0,0.01,0.025,39.32667,"August 04, 14",0.00025
2014-08-05,39.34,39.53,39.1,39.18,11639200.0,11639200.0,0.16,0.407,39.27,"August 05, 14",0.00407
2014-08-06,39.13,39.96,39.13,39.92,17567500.0,17567500.0,-0.79,-2.019,39.67,"August 06, 14",-0.02019
2014-08-07,39.96,40.01,39.33,39.35,14367400.0,14367400.0,0.61,1.527,39.56333,"August 07, 14",0.01527
2014-08-08,39.34,39.58,39.26,39.45,13667000.0,13667000.0,-0.11,-0.28,39.43,"August 08, 14",-0.0028
2014-08-11,39.52,39.87,39.52,39.57,14102600.0,14102600.0,-0.05,-0.127,39.65333,"August 11, 14",-0.00127
2014-08-12,39.56,39.84,39.54,39.68,13297500.0,13297500.0,-0.12,-0.303,39.68667,"August 12, 14",-0.00303
2014-08-13,39.7,40.1,39.7,39.94,9638900.0,9638900.0,-0.24,-0.605,39.91333,"August 13, 14",-0.00605
2014-08-14,39.93,40.19,39.93,40.18,6902000.0,6902000.0,-0.25,-0.626,40.1,"August 14, 14",-0.00626
2014-08-15,40.85,41.15,40.66,40.88,23221600.0,23221600.0,-0.03,-0.073,40.89667,"August 15, 14",-0.00073
2014-08-18,40.79,41.42,40.79,41.35,14891500.0,14891500.0,-0.56,-1.373,41.18667,"August 18, 14",-0.01373
2014-08-19,41.35,41.48,41.16,41.26,10260400.0,10260400.0,0.09,0.218,41.3,"August 19, 14",0.00218
2014-08-20,41.15,41.34,41.09,41.25,6782500.0,6782500.0,-0.1,-0.243,41.22667,"August 20, 14",-0.00243
2014-08-21,41.29,41.69,41.22,41.41,11951000.0,11951000.0,-0.12,-0.291,41.44,"August 21, 14",-0.00291
2014-08-22,41.29,41.52,41.05,41.12,11244600.0,11244600.0,0.17,0.412,41.23,"August 22, 14",0.00412
2014-08-25,41.32,41.45,41.12,41.41,10229300.0,10229300.0,-0.09,-0.218,41.32667,"August 25, 14",-0.00218
2014-08-26,41.41,41.7,41.41,41.6,8416500.0,8416500.0,-0.19,-0.459,41.57,"August 26, 14",-0.00459
2014-08-27,41.53,41.71,41.44,41.6,7693100.0,7693100.0,-0.07,-0.169,41.58333,"August 27, 14",-0.00169
2014-08-28,41.51,41.7,41.44,41.63,9746400.0,9746400.0,-0.12,-0.289,41.59,"August 28, 14",-0.00289
2014-08-29,41.6,41.75,41.47,41.72,7666700.0,7666700.0,-0.12,-0.288,41.64667,"August 29, 14",-0.00288
2014-09-02,41.52,41.84,41.31,41.64,9798100.0,9798100.0,-0.12,-0.289,41.59667,"September 02, 14",-0.00289
2014-09-03,41.69,41.85,41.66,41.78,8635400.0,8635400.0,-0.09,-0.216,41.76333,"September 03, 14",-0.00216
2014-09-04,41.8,42.17,41.73,41.87,16785300.0,16785300.0,-0.07,-0.167,41.92333,"September 04, 14",-0.00167
2014-09-05,41.86,41.86,41.61,41.84,12768100.0,12768100.0,0.02,0.048,41.77,"September 05, 14",0.00048
2014-09-08,41.67,41.94,41.63,41.78,9097700.0,9097700.0,-0.11,-0.264,41.78333,"September 08, 14",-0.00264
2014-09-09,41.77,42.03,41.75,41.94,11892500.0,11892500.0,-0.17,-0.407,41.90667,"September 09, 14",-0.00407
2014-09-10,41.9,42.19,41.83,42.17,17558000.0,17558000.0,-0.27,-0.644,42.06333,"September 10, 14",-0.00644
2014-09-11,41.68,42.06,41.66,41.95,19614000.0,19614000.0,-0.27,-0.648,41.89,"September 11, 14",-0.00648
2014-09-12,41.9,41.92,41.36,41.46,12966800.0,12966800.0,0.44,1.05,41.58,"September 12, 14",0.0105
2014-09-15,41.45,41.58,41.33,41.5,12259600.0,12259600.0,-0.05,-0.121,41.47,"September 15, 14",-0.00121
2014-09-16,41.29,41.8,41.18,41.64,15232800.0,15232800.0,-0.35,-0.848,41.54,"September 16, 14",-0.00848
2014-09-17,41.77,41.78,41.32,41.61,16693800.0,16693800.0,0.16,0.383,41.57,"September 17, 14",0.00383
2014-09-18,41.75,41.88,41.55,41.79,12586400.0,12586400.0,-0.04,-0.096,41.74,"September 18, 14",-0.00096
2014-09-19,41.98,42.35,41.75,42.05,47559700.0,47559700.0,-0.07,-0.167,42.05,"September 19, 14",-0.00167
2014-09-22,41.85,42.25,41.73,42.22,11518100.0,11518100.0,-0.37,-0.884,42.06667,"September 22, 14",-0.00884
2014-09-23,42.0,42.16,41.88,41.89,10251300.0,10251300.0,0.11,0.262,41.97667,"September 23, 14",0.00262
2014-09-24,41.85,42.34,41.85,42.27,13540900.0,13540900.0,-0.42,-1.004,42.15333,"September 24, 14",-0.01004
2014-09-25,42.06,42.17,41.77,41.78,11076300.0,11076300.0,0.28,0.666,41.90667,"September 25, 14",0.00666
2014-09-26,42.0,42.25,41.71,42.2,9939600.0,9939600.0,-0.2,-0.476,42.05333,"September 26, 14",-0.00476
2014-09-29,41.9,42.26,41.88,42.25,12441100.0,12441100.0,-0.35,-0.835,42.13,"September 29, 14",-0.00835
2014-09-30,42.1,42.81,42.08,42.66,22613700.0,22613700.0,-0.56,-1.33,42.51667,"September 30, 14",-0.0133
2014-10-01,42.55,42.85,42.37,42.74,30409700.0,30409700.0,-0.19,-0.447,42.65333,"October 01, 14",-0.00447
2014-10-02,42.6,42.78,42.42,42.66,16643200.0,16643200.0,-0.06,-0.141,42.62,"October 02, 14",-0.00141
2014-10-03,42.86,43.07,42.66,43.0,14046300.0,14046300.0,-0.14,-0.327,42.91,"October 03, 14",-0.00327
2014-10-06,43.03,43.68,42.97,43.6,20328100.0,20328100.0,-0.57,-1.325,43.41667,"October 06, 14",-0.01325
2014-10-07,43.48,44.14,43.48,43.92,24936600.0,24936600.0,-0.44,-1.012,43.84667,"October 07, 14",-0.01012
2014-10-08,43.58,44.56,43.51,44.55,26115600.0,26115600.0,-0.97,-2.226,44.20667,"October 08, 14",-0.02226
2014-10-09,44.44,44.75,43.87,43.87,25029300.0,25029300.0,0.57,1.283,44.16333,"October 09, 14",0.01283
2014-10-10,43.88,44.87,43.85,44.47,25920800.0,25920800.0,-0.59,-1.345,44.39667,"October 10, 14",-0.01345
2014-10-13,44.28,44.63,44.03,44.07,20175200.0,20175200.0,0.21,0.474,44.24333,"October 13, 14",0.00474
2014-10-14,44.04,44.12,43.47,43.64,21027400.0,21027400.0,0.4,0.908,43.74333,"October 14, 14",0.00908
2014-10-15,42.7,43.53,42.7,43.23,22988600.0,22988600.0,-0.53,-1.241,43.15333,"October 15, 14",-0.01241
2014-10-16,42.65,42.94,42.38,42.56,22519200.0,22519200.0,0.09,0.211,42.62667,"October 16, 14",0.00211
2014-10-17,42.69,43.03,42.31,42.88,23236000.0,23236000.0,-0.19,-0.445,42.74,"October 17, 14",-0.00445
2014-10-20,42.75,43.47,42.71,43.29,17647800.0,17647800.0,-0.54,-1.263,43.15667,"October 20, 14",-0.01263
2014-10-21,40.8,41.19,40.26,40.68,55953500.0,55953500.0,0.12,0.294,40.71,"October 21, 14",0.00294
2014-10-22,40.19,41.11,40.1,40.62,27728200.0,27728200.0,-0.43,-1.07,40.61,"October 22, 14",-0.0107
2014-10-23,40.94,41.38,40.74,40.86,23346800.0,23346800.0,0.08,0.195,40.99333,"October 23, 14",0.00195
2014-10-24,40.98,41.27,40.92,41.03,13396000.0,13396000.0,-0.05,-0.122,41.07333,"October 24, 14",-0.00122
2014-10-27,40.7,40.91,40.56,40.76,17222500.0,17222500.0,-0.06,-0.147,40.74333,"October 27, 14",-0.00147
2014-10-28,40.76,40.86,40.51,40.56,18658700.0,18658700.0,0.2,0.491,40.64333,"October 28, 14",0.00491
2014-10-29,40.65,41.03,40.52,40.96,25761800.0,25761800.0,-0.31,-0.763,40.83667,"October 29, 14",-0.00763
2014-10-30,41.0,41.59,40.83,41.4,18295600.0,18295600.0,-0.4,-0.976,41.27333,"October 30, 14",-0.00976
2014-10-31,41.83,41.89,41.4,41.88,18477700.0,18477700.0,-0.05,-0.12,41.72333,"October 31, 14",-0.0012
2014-11-03,41.79,42.28,41.59,41.81,13230600.0,13230600.0,-0.02,-0.048,41.89333,"November 03, 14",-0.00048
2014-11-04,41.77,42.05,41.66,41.82,10105300.0,10105300.0,-0.05,-0.12,41.84333,"November 04, 14",-0.0012
2014-11-05,42.3,42.54,41.99,42.31,20676800.0,20676800.0,-0.01,-0.024,42.28,"November 05, 14",-0.00024
2014-11-06,42.43,42.62,42.11,42.29,11528800.0,11528800.0,0.14,0.33,42.34,"November 06, 14",0.0033
2014-11-07,42.45,42.46,42.14,42.32,11803800.0,11803800.0,0.13,0.306,42.30667,"November 07, 14",0.00306
2014-11-10,42.25,42.57,42.09,42.39,9088900.0,9088900.0,-0.14,-0.331,42.35,"November 10, 14",-0.00331
2014-11-11,42.38,42.71,42.36,42.51,8563700.0,8563700.0,-0.13,-0.307,42.52667,"November 11, 14",-0.00307
2014-11-12,42.51,42.89,42.31,42.71,12768800.0,12768800.0,-0.2,-0.47,42.63667,"November 12, 14",-0.0047
2014-11-13,42.65,43.08,42.63,42.79,12007700.0,12007700.0,-0.14,-0.328,42.83333,"November 13, 14",-0.00328
2014-11-14,42.7,42.97,42.5,42.73,10939500.0,10939500.0,-0.03,-0.07,42.73333,"November 14, 14",-0.0007
2014-11-17,42.75,42.99,42.73,42.92,10664000.0,10664000.0,-0.17,-0.398,42.88,"November 17, 14",-0.00398
2014-11-18,42.95,43.86,42.75,43.53,26143000.0,26143000.0,-0.58,-1.35,43.38,"November 18, 14",-0.0135
2014-11-19,43.67,44.43,43.56,44.22,25402300.0,25402300.0,-0.55,-1.259,44.07,"November 19, 14",-0.01259
2014-11-20,43.96,44.42,43.85,44.25,13465400.0,13465400.0,-0.29,-0.66,44.17333,"November 20, 14",-0.0066
2014-11-21,44.58,44.74,44.28,44.5,14382700.0,14382700.0,0.08,0.179,44.50667,"November 21, 14",0.00179
2014-11-24,44.51,44.78,44.2,44.27,12890800.0,12890800.0,0.24,0.539,44.41667,"November 24, 14",0.00539
2014-11-25,44.27,44.59,44.12,44.43,10741700.0,10741700.0,-0.16,-0.361,44.38,"November 25, 14",-0.00361
2014-11-26,43.99,44.37,43.97,44.29,9199200.0,9199200.0,-0.3,-0.682,44.21,"November 26, 14",-0.00682
2014-11-28,44.15,45.0,44.15,44.83,10502000.0,10502000.0,-0.68,-1.54,44.66,"November 28, 14",-0.0154
2014-12-01,44.18,44.77,44.13,44.55,10065700.0,10065700.0,-0.37,-0.837,44.48333,"December 01, 14",-0.00837
2014-12-02,44.37,44.67,44.23,44.54,9878100.0,9878100.0,-0.17,-0.383,44.48,"December 02, 14",-0.00383
2014-12-03,44.42,44.44,43.76,43.8,15246500.0,15246500.0,0.62,1.396,44.0,"December 03, 14",0.01396
2014-12-04,43.62,43.84,43.37,43.5,13779700.0,13779700.0,0.12,0.275,43.57,"December 04, 14",0.00275
2014-12-05,43.5,43.61,43.2,43.53,12536900.0,12536900.0,-0.03,-0.069,43.44667,"December 05, 14",-0.00069
2014-12-08,43.51,43.63,43.09,43.14,12802300.0,12802300.0,0.37,0.85,43.28667,"December 08, 14",0.0085
2014-12-09,42.15,42.53,41.67,42.04,25714600.0,25714600.0,0.11,0.261,42.08,"December 09, 14",0.00261
2014-12-10,42.04,42.24,41.56,41.6,18324100.0,18324100.0,0.44,1.047,41.8,"December 10, 14",0.01047
2014-12-11,41.62,42.01,41.5,41.53,16201500.0,16201500.0,0.09,0.216,41.68,"December 11, 14",0.00216
2014-12-12,41.39,41.61,40.87,40.91,18432400.0,18432400.0,0.48,1.16,41.13,"December 12, 14",0.0116
2014-12-15,41.13,41.18,40.56,40.57,23378500.0,23378500.0,0.56,1.362,40.77,"December 15, 14",0.01362
2014-12-16,40.2,41.31,39.8,40.39,23475400.0,23475400.0,-0.19,-0.473,40.5,"December 16, 14",-0.00473
2014-12-17,40.44,41.76,40.38,41.55,20223900.0,20223900.0,-1.11,-2.745,41.23,"December 17, 14",-0.02745
2014-12-18,41.86,42.39,41.75,42.39,18030700.0,18030700.0,-0.53,-1.266,42.17667,"December 18, 14",-0.01266
2014-12-19,42.44,42.79,41.89,41.95,24009500.0,24009500.0,0.49,1.155,42.21,"December 19, 14",0.01155
2014-12-22,42.14,42.44,42.09,42.35,11190900.0,11190900.0,-0.21,-0.498,42.29333,"December 22, 14",-0.00498
2014-12-23,42.54,43.14,42.47,42.97,13411300.0,13411300.0,-0.43,-1.011,42.86,"December 23, 14",-0.01011
2014-12-24,43.1,43.23,42.92,42.94,6405900.0,6405900.0,0.16,0.371,43.03,"December 24, 14",0.00371
2014-12-26,42.97,43.3,42.93,42.96,6466900.0,6466900.0,0.01,0.023,43.06333,"December 26, 14",0.00023
2014-12-29,42.8,43.06,42.49,42.86,8694500.0,8694500.0,-0.06,-0.14,42.80333,"December 29, 14",-0.0014
2014-12-30,42.74,42.99,42.65,42.76,9222000.0,9222000.0,-0.02,-0.047,42.8,"December 30, 14",-0.00047
2014-12-31,42.92,42.94,42.22,42.22,9369500.0,9369500.0,0.7,1.631,42.46,"December 31, 14",0.01631
2015-01-02,42.26,42.4,41.8,42.14,9921100.0,9921100.0,0.12,0.284,42.11333,"January 02, 15",0.00284
2015-01-05,42.69,42.97,42.08,42.14,26292600.0,26292600.0,0.55,1.288,42.39667,"January 05, 15",0.01288
2015-01-06,42.41,42.94,42.24,42.46,16897500.0,16897500.0,-0.05,-0.118,42.54667,"January 06, 15",-0.00118
2015-01-07,42.8,43.11,42.58,42.99,13412300.0,13412300.0,-0.19,-0.444,42.89333,"January 07, 15",-0.00444
2015-01-08,43.18,43.57,43.1,43.51,21743600.0,21743600.0,-0.33,-0.764,43.39333,"January 08, 15",-0.00764
2015-01-09,43.47,43.56,42.95,43.03,12733500.0,12733500.0,0.44,1.012,43.18,"January 09, 15",0.01012
2015-01-12,43.07,43.2,42.46,42.64,11415800.0,11415800.0,0.43,0.998,42.76667,"January 12, 15",0.00998
2015-01-13,42.83,43.24,42.45,42.63,12529500.0,12529500.0,0.2,0.467,42.77333,"January 13, 15",0.00467
2015-01-14,42.08,42.6,42.07,42.56,13447600.0,13447600.0,-0.48,-1.141,42.41,"January 14, 15",-0.01141
2015-01-15,42.83,42.86,42.17,42.38,11193100.0,11193100.0,0.45,1.051,42.47,"January 15, 15",0.01051
2015-01-16,42.36,42.59,42.24,42.53,15114900.0,15114900.0,-0.17,-0.401,42.45333,"January 16, 15",-0.00401
2015-01-20,42.7,43.33,42.61,43.16,17047300.0,17047300.0,-0.46,-1.077,43.03333,"January 20, 15",-0.01077
2015-01-21,42.89,43.43,42.76,43.36,10720600.0,10720600.0,-0.47,-1.096,43.18333,"January 21, 15",-0.01096
2015-01-22,43.37,43.83,43.07,43.78,14709100.0,14709100.0,-0.41,-0.945,43.56,"January 22, 15",-0.00945
2015-01-23,43.6,43.75,43.18,43.31,12357700.0,12357700.0,0.29,0.665,43.41333,"January 23, 15",0.00665
2015-01-26,43.18,43.23,42.83,43.0,11151900.0,11151900.0,0.18,0.417,43.02,"January 26, 15",0.00417
2015-01-27,42.54,42.64,42.15,42.39,15274000.0,15274000.0,0.15,0.353,42.39333,"January 27, 15",0.00353
2015-01-28,42.59,42.8,41.9,41.92,14278500.0,14278500.0,0.67,1.573,42.20667,"January 28, 15",0.01573
2015-01-29,41.77,42.15,41.47,42.1,13657900.0,13657900.0,-0.33,-0.79,41.90667,"January 29, 15",-0.0079
2015-01-30,41.83,41.93,41.11,41.17,19193700.0,19193700.0,0.66,1.578,41.40333,"January 30, 15",0.01578
2015-02-02,41.21,41.63,40.9,41.59,15197500.0,15197500.0,-0.38,-0.922,41.37333,"February 02, 15",-0.00922
2015-02-03,41.75,41.85,41.37,41.63,13193100.0,13193100.0,0.12,0.287,41.61667,"February 03, 15",0.00287
2015-02-04,41.77,42.09,41.62,41.68,16400000.0,16400000.0,0.09,0.215,41.79667,"February 04, 15",0.00215
2015-02-05,41.8,41.82,41.51,41.79,11078500.0,11078500.0,0.01,0.024,41.70667,"February 05, 15",0.00024
2015-02-06,41.63,41.76,41.32,41.45,12366400.0,12366400.0,0.18,0.432,41.51,"February 06, 15",0.00432
2015-02-09,41.38,41.45,41.04,41.23,13371100.0,13371100.0,0.15,0.362,41.24,"February 09, 15",0.00362
2015-02-10,42.91,43.03,42.2,42.4,32184200.0,32184200.0,0.51,1.189,42.54333,"February 10, 15",0.01189
2015-02-11,42.1,42.49,41.7,42.37,20496300.0,20496300.0,-0.27,-0.641,42.18667,"February 11, 15",-0.00641
2015-02-12,42.4,42.66,42.07,42.17,13818200.0,13818200.0,0.23,0.542,42.3,"February 12, 15",0.00542
2015-02-13,42.02,42.23,41.76,41.99,10792100.0,10792100.0,0.03,0.071,41.99333,"February 13, 15",0.00071
2015-02-17,41.81,41.88,41.64,41.81,12804200.0,12804200.0,0.0,0.0,41.77667,"February 17, 15",0.0
2015-02-18,41.75,41.8,41.47,41.73,9789800.0,9789800.0,0.02,0.048,41.66667,"February 18, 15",0.00048
2015-02-19,41.68,42.24,41.53,42.11,16578300.0,16578300.0,-0.43,-1.032,41.96,"February 19, 15",-0.01032
2015-02-20,42.04,42.11,41.64,41.97,15982400.0,15982400.0,0.07,0.167,41.90667,"February 20, 15",0.00167
2015-02-23,41.71,42.17,41.69,41.85,11830300.0,11830300.0,-0.14,-0.336,41.90333,"February 23, 15",-0.00336
2015-02-24,41.85,42.33,41.77,42.13,12782700.0,12782700.0,-0.28,-0.669,42.07667,"February 24, 15",-0.00669
2015-02-25,42.17,42.24,41.74,42.05,10323300.0,10323300.0,0.12,0.285,42.01,"February 25, 15",0.00285
2015-02-26,42.04,42.55,41.97,42.46,14346500.0,14346500.0,-0.42,-0.999,42.32667,"February 26, 15",-0.00999
2015-02-27,42.52,43.66,42.47,43.3,28312800.0,28312800.0,-0.78,-1.834,43.14333,"February 27, 15",-0.01834
2015-03-02,43.3,43.3,43.08,43.2,13514600.0,13514600.0,0.1,0.231,43.19333,"March 02, 15",0.00231
2015-03-03,43.11,43.16,42.84,42.95,10036300.0,10036300.0,0.16,0.371,42.98333,"March 03, 15",0.00371
2015-03-04,42.92,42.98,42.47,42.5,16263000.0,16263000.0,0.42,0.979,42.65,"March 04, 15",0.00979
2015-03-05,42.56,42.61,42.25,42.4,9223000.0,9223000.0,0.16,0.376,42.42,"March 05, 15",0.00376
2015-03-06,42.12,42.2,41.33,41.52,18180500.0,18180500.0,0.6,1.425,41.68333,"March 06, 15",0.01425
2015-03-09,41.53,41.55,41.32,41.39,10123300.0,10123300.0,0.14,0.337,41.42,"March 09, 15",0.00337
2015-03-10,41.1,41.15,40.68,40.69,14599100.0,14599100.0,0.41,0.998,40.84,"March 10, 15",0.00998
2015-03-11,40.73,40.73,40.08,40.1,18549700.0,18549700.0,0.63,1.547,40.30333,"March 11, 15",0.01547
2015-03-12,40.1,40.57,40.02,40.57,17728700.0,17728700.0,-0.47,-1.172,40.38667,"March 12, 15",-0.01172
2015-03-13,40.44,40.57,39.61,39.91,17438400.0,17438400.0,0.53,1.311,40.03,"March 13, 15",0.01311
2015-03-16,40.0,40.35,39.99,40.29,15238800.0,15238800.0,-0.29,-0.725,40.21,"March 16, 15",-0.00725
2015-03-17,40.67,40.73,40.32,40.51,21661800.0,21661800.0,0.16,0.393,40.52,"March 17, 15",0.00393
2015-03-18,40.48,40.79,39.8,40.6,26247500.0,26247500.0,-0.12,-0.296,40.39667,"March 18, 15",-0.00296
2015-03-19,40.48,40.52,39.96,40.02,16057600.0,16057600.0,0.46,1.136,40.16667,"March 19, 15",0.01136
2015-03-20,40.07,40.66,40.01,40.65,31608500.0,31608500.0,-0.58,-1.447,40.44,"March 20, 15",-0.01447
2015-03-23,40.64,40.94,40.5,40.62,17060500.0,17060500.0,0.02,0.049,40.68667,"March 23, 15",0.00049
2015-03-24,40.91,40.99,40.47,40.47,13485700.0,13485700.0,0.44,1.076,40.64333,"March 24, 15",0.01076
2015-03-25,40.59,40.7,40.24,40.45,22811300.0,22811300.0,0.14,0.345,40.46333,"March 25, 15",0.00345
2015-03-26,40.34,40.56,40.23,40.35,17359600.0,17359600.0,-0.01,-0.025,40.38,"March 26, 15",-0.00025
2015-03-27,40.48,40.48,39.97,40.08,14384400.0,14384400.0,0.4,0.988,40.17667,"March 27, 15",0.00988
2015-03-30,40.11,40.61,39.94,40.51,12561400.0,12561400.0,-0.4,-0.997,40.35333,"March 30, 15",-0.00997
2015-03-31,40.51,40.9,40.35,40.55,16604800.0,16604800.0,-0.04,-0.099,40.6,"March 31, 15",-0.00099
2015-04-01,40.79,40.81,40.23,40.68,14300700.0,14300700.0,0.11,0.27,40.57333,"April 01, 15",0.0027
2015-04-02,40.73,40.87,40.48,40.68,14343100.0,14343100.0,0.05,0.123,40.67667,"April 02, 15",0.00123
2015-04-06,40.77,41.61,40.59,41.17,19843400.0,19843400.0,-0.4,-0.981,41.12333,"April 06, 15",-0.00981
2015-04-07,41.05,41.37,40.97,41.01,9773400.0,9773400.0,0.04,0.097,41.11667,"April 07, 15",0.00097
2015-04-08,40.98,41.09,40.74,40.89,8954700.0,8954700.0,0.09,0.22,40.90667,"April 08, 15",0.0022
2015-04-09,40.8,41.08,40.63,41.05,12710900.0,12710900.0,-0.25,-0.613,40.92,"April 09, 15",-0.00613
2015-04-10,41.09,41.16,40.85,40.88,8720000.0,8720000.0,0.21,0.511,40.96333,"April 10, 15",0.00511
2015-04-13,40.97,40.97,40.7,40.7,9616300.0,9616300.0,0.27,0.659,40.79,"April 13, 15",0.00659
2015-04-14,40.59,40.65,40.32,40.51,11209700.0,11209700.0,0.08,0.197,40.49333,"April 14, 15",0.00197
2015-04-15,40.59,40.81,40.32,40.4,11189100.0,11189100.0,0.19,0.468,40.51,"April 15, 15",0.00468
2015-04-16,40.41,40.86,40.3,40.6,13121000.0,13121000.0,-0.19,-0.47,40.58667,"April 16, 15",-0.0047
2015-04-17,40.47,40.66,40.1,40.3,15330300.0,15330300.0,0.17,0.42,40.35333,"April 17, 15",0.0042
2015-04-20,40.42,40.9,40.41,40.66,13023700.0,13023700.0,-0.24,-0.594,40.65667,"April 20, 15",-0.00594
2015-04-21,40.67,40.99,40.54,40.78,19673100.0,19673100.0,-0.11,-0.27,40.77,"April 21, 15",-0.0027
2015-04-22,41.56,41.57,41.07,41.31,26887200.0,26887200.0,0.25,0.602,41.31667,"April 22, 15",0.00602
2015-04-23,41.23,41.41,40.92,40.95,17408800.0,17408800.0,0.28,0.679,41.09333,"April 23, 15",0.00679
2015-04-24,41.04,41.12,40.81,40.89,11623300.0,11623300.0,0.15,0.365,40.94,"April 24, 15",0.00365
2015-04-27,41.0,41.15,40.78,40.83,10044600.0,10044600.0,0.17,0.415,40.92,"April 27, 15",0.00415
2015-04-28,40.95,40.97,40.6,40.77,12174800.0,12174800.0,0.18,0.44,40.78,"April 28, 15",0.0044
2015-04-29,40.66,40.75,40.4,40.49,11371400.0,11371400.0,0.17,0.418,40.54667,"April 29, 15",0.00418
2015-04-30,40.4,40.58,40.28,40.56,12700800.0,12700800.0,-0.16,-0.396,40.47333,"April 30, 15",-0.00396
2015-05-01,40.58,40.93,40.5,40.91,10848300.0,10848300.0,-0.33,-0.813,40.78,"May 01, 15",-0.00813
2015-05-04,40.88,41.1,40.77,40.96,10204800.0,10204800.0,-0.08,-0.196,40.94333,"May 04, 15",-0.00196
2015-05-05,41.14,41.14,40.68,40.75,11721300.0,11721300.0,0.39,0.948,40.85667,"May 05, 15",0.00948
2015-05-06,41.04,41.09,40.39,40.66,11906900.0,11906900.0,0.38,0.926,40.71333,"May 06, 15",0.00926
2015-05-07,40.53,40.91,40.51,40.7,13834700.0,13834700.0,-0.17,-0.419,40.70667,"May 07, 15",-0.00419
2015-05-08,41.0,41.17,40.85,40.98,11144400.0,11144400.0,0.02,0.049,41.0,"May 08, 15",0.00049
2015-05-11,40.98,41.39,40.88,40.94,10113500.0,10113500.0,0.04,0.098,41.07,"May 11, 15",0.00098
2015-05-12,40.77,40.96,40.52,40.69,12384500.0,12384500.0,0.08,0.196,40.72333,"May 12, 15",0.00196
2015-05-13,40.75,41.36,40.72,41.05,13183700.0,13183700.0,-0.3,-0.736,41.04333,"May 13, 15",-0.00736
2015-05-14,41.3,41.6,41.26,41.5,9961000.0,9961000.0,-0.2,-0.484,41.45333,"May 14, 15",-0.00484
2015-05-15,41.45,41.69,41.43,41.52,8479000.0,8479000.0,-0.07,-0.169,41.54667,"May 15, 15",-0.00169
2015-05-18,41.49,41.49,41.25,41.32,11511700.0,11511700.0,0.17,0.41,41.35333,"May 18, 15",0.0041
2015-05-19,41.23,41.39,41.13,41.31,9072000.0,9072000.0,-0.08,-0.194,41.27667,"May 19, 15",-0.00194
2015-05-20,41.37,41.59,41.31,41.35,10965200.0,10965200.0,0.02,0.048,41.41667,"May 20, 15",0.00048
2015-05-21,41.26,41.32,41.07,41.23,9270900.0,9270900.0,0.03,0.073,41.20667,"May 21, 15",0.00073
2015-05-22,41.12,41.24,41.04,41.21,11909500.0,11909500.0,-0.09,-0.219,41.16333,"May 22, 15",-0.00219
2015-05-26,41.12,41.18,40.74,40.99,15194300.0,15194300.0,0.13,0.316,40.97,"May 26, 15",0.00316
2015-05-27,40.94,41.2,40.83,41.12,9863100.0,9863100.0,-0.18,-0.44,41.05,"May 27, 15",-0.0044
2015-05-28,41.2,41.3,40.88,41.14,9395200.0,9395200.0,0.06,0.146,41.10667,"May 28, 15",0.00146
2015-05-29,41.18,41.18,40.77,40.96,19628600.0,19628600.0,0.22,0.534,40.97,"May 29, 15",0.00534
2015-06-01,41.36,41.41,40.88,40.94,12684100.0,12684100.0,0.42,1.015,41.07667,"June 01, 15",0.01015
2015-06-02,40.84,41.16,40.68,40.99,11878600.0,11878600.0,-0.15,-0.367,40.94333,"June 02, 15",-0.00367
2015-06-03,41.1,41.21,40.78,40.87,8153800.0,8153800.0,0.23,0.56,40.95333,"June 03, 15",0.0056
2015-06-04,40.71,40.98,40.53,40.59,10145800.0,10145800.0,0.12,0.295,40.7,"June 04, 15",0.00295
2015-06-05,40.48,40.52,40.08,40.1,15975600.0,15975600.0,0.38,0.939,40.23333,"June 05, 15",0.00939
2015-06-08,40.1,40.26,40.02,40.16,14339300.0,14339300.0,-0.06,-0.15,40.14667,"June 08, 15",-0.0015
2015-06-09,40.17,40.42,40.11,40.2,10772700.0,10772700.0,-0.03,-0.075,40.24333,"June 09, 15",-0.00075
2015-06-10,40.32,40.54,40.28,40.33,11979900.0,11979900.0,-0.01,-0.025,40.38333,"June 10, 15",-0.00025
2015-06-11,40.11,40.25,40.03,40.1,11944900.0,11944900.0,0.01,0.025,40.12667,"June 11, 15",0.00025
2015-06-12,40.04,40.12,39.84,39.96,15568600.0,15568600.0,0.08,0.2,39.97333,"June 12, 15",0.002
2015-06-15,39.83,39.86,39.57,39.59,11364800.0,11364800.0,0.24,0.603,39.67333,"June 15, 15",0.00603
2015-06-16,39.63,40.16,39.6,40.08,12517400.0,12517400.0,-0.45,-1.136,39.94667,"June 16, 15",-0.01136
2015-06-17,40.08,40.32,40.01,40.27,13898400.0,13898400.0,-0.19,-0.474,40.2,"June 17, 15",-0.00474
2015-06-18,40.16,40.74,40.16,40.65,16314600.0,16314600.0,-0.49,-1.22,40.51667,"June 18, 15",-0.0122
2015-06-19,40.59,40.65,40.4,40.4,23550600.0,23550600.0,0.19,0.468,40.48333,"June 19, 15",0.00468
2015-06-22,40.51,40.81,40.46,40.48,8775900.0,8775900.0,0.03,0.074,40.58333,"June 22, 15",0.00074
2015-06-23,40.43,40.52,40.31,40.38,11094900.0,11094900.0,0.05,0.124,40.40333,"June 23, 15",0.00124
2015-06-24,40.37,40.45,40.19,40.19,10385100.0,10385100.0,0.18,0.446,40.27667,"June 24, 15",0.00446
2015-06-25,40.28,40.34,40.02,40.02,10607600.0,10607600.0,0.26,0.645,40.12667,"June 25, 15",0.00645
2015-06-26,40.1,40.35,40.0,40.0,16215600.0,16215600.0,0.1,0.249,40.11667,"June 26, 15",0.00249
2015-06-29,39.8,39.98,39.4,39.4,15500800.0,15500800.0,0.4,1.005,39.59333,"June 29, 15",0.01005
2015-06-30,39.61,39.61,39.12,39.23,14621300.0,14621300.0,0.38,0.959,39.32,"June 30, 15",0.00959
2015-07-01,39.38,39.6,39.28,39.5,11177400.0,11177400.0,-0.12,-0.305,39.46,"July 01, 15",-0.00305
2015-07-02,39.63,39.81,39.35,39.49,8975900.0,8975900.0,0.14,0.353,39.55,"July 02, 15",0.00353
2015-07-06,39.32,39.6,39.22,39.42,10252600.0,10252600.0,-0.1,-0.254,39.41333,"July 06, 15",-0.00254
2015-07-07,39.49,40.38,39.4,40.25,20335000.0,20335000.0,-0.76,-1.925,40.01,"July 07, 15",-0.01925
2015-07-08,39.99,40.23,39.84,39.86,11383700.0,11383700.0,0.13,0.325,39.97667,"July 08, 15",0.00325
2015-07-09,40.46,40.58,39.9,39.92,13392000.0,13392000.0,0.54,1.335,40.13333,"July 09, 15",0.01335
2015-07-10,40.27,40.52,40.16,40.39,13360400.0,13360400.0,-0.12,-0.298,40.35667,"July 10, 15",-0.00298
2015-07-13,40.56,40.77,40.49,40.66,9854200.0,9854200.0,-0.1,-0.247,40.64,"July 13, 15",-0.00247
2015-07-14,40.9,41.26,40.84,41.17,19531000.0,19531000.0,-0.27,-0.66,41.09,"July 14, 15",-0.0066
2015-07-15,41.15,41.36,41.1,41.13,11252100.0,11252100.0,0.02,0.049,41.19667,"July 15, 15",0.00049
2015-07-16,41.42,41.6,41.35,41.48,10483700.0,10483700.0,-0.06,-0.145,41.47667,"July 16, 15",-0.00145
2015-07-17,41.31,41.32,41.05,41.25,9608300.0,9608300.0,0.06,0.145,41.20667,"July 17, 15",0.00145
2015-07-20,41.35,41.54,41.22,41.38,10024200.0,10024200.0,-0.03,-0.073,41.38,"July 20, 15",-0.00073
2015-07-21,41.38,41.52,41.1,41.19,13653800.0,13653800.0,0.19,0.459,41.27,"July 21, 15",0.00459
2015-07-22,40.81,41.59,40.59,40.9,15528600.0,15528600.0,-0.09,-0.221,41.02667,"July 22, 15",-0.00221
2015-07-23,40.99,41.02,40.48,40.84,13522200.0,13522200.0,0.15,0.366,40.78,"July 23, 15",0.00366
2015-07-24,40.76,40.83,40.41,40.44,10912500.0,10912500.0,0.32,0.785,40.56,"July 24, 15",0.00785
2015-07-27,40.28,40.58,40.16,40.54,10945700.0,10945700.0,-0.26,-0.645,40.42667,"July 27, 15",-0.00645
2015-07-28,40.65,40.73,40.44,40.55,11021800.0,11021800.0,0.1,0.246,40.57333,"July 28, 15",0.00246
2015-07-29,40.53,40.71,40.49,40.59,8479900.0,8479900.0,-0.06,-0.148,40.59667,"July 29, 15",-0.00148
2015-07-30,40.55,40.75,40.39,40.56,9095500.0,9095500.0,-0.01,-0.025,40.56667,"July 30, 15",-0.00025
2015-07-31,40.88,41.22,40.77,41.08,15309500.0,15309500.0,-0.2,-0.489,41.02333,"July 31, 15",-0.00489
2015-08-03,40.85,41.55,40.84,41.54,14672600.0,14672600.0,-0.69,-1.689,41.31,"August 03, 15",-0.01689
2015-08-04,41.51,41.87,41.34,41.85,17559900.0,17559900.0,-0.34,-0.819,41.68667,"August 04, 15",-0.00819
2015-08-05,41.92,42.22,41.82,42.12,15329200.0,15329200.0,-0.2,-0.477,42.05333,"August 05, 15",-0.00477
2015-08-06,42.0,42.25,41.86,41.92,11378900.0,11378900.0,0.08,0.19,42.01,"August 06, 15",0.0019
2015-08-07,41.81,41.97,41.53,41.77,10886700.0,10886700.0,0.04,0.096,41.75667,"August 07, 15",0.00096
2015-08-10,41.89,41.99,41.58,41.68,9501900.0,9501900.0,0.21,0.501,41.75,"August 10, 15",0.00501
2015-08-11,41.4,41.57,41.17,41.48,11254900.0,11254900.0,-0.08,-0.193,41.40667,"August 11, 15",-0.00193
2015-08-12,41.13,41.26,40.85,41.26,9602200.0,9602200.0,-0.13,-0.316,41.12333,"August 12, 15",-0.00316
2015-08-13,41.28,41.38,41.01,41.1,10270900.0,10270900.0,0.18,0.436,41.16333,"August 13, 15",0.00436
2015-08-14,41.01,41.25,40.96,41.25,9904800.0,9904800.0,-0.24,-0.585,41.15333,"August 14, 15",-0.00585
2015-08-17,41.03,41.45,40.97,41.35,8272800.0,8272800.0,-0.32,-0.78,41.25667,"August 17, 15",-0.0078
2015-08-18,41.28,41.53,41.19,41.3,11199400.0,11199400.0,-0.02,-0.048,41.34,"August 18, 15",-0.00048
2015-08-19,41.14,41.24,40.78,40.78,15796500.0,15796500.0,0.36,0.875,40.93333,"August 19, 15",0.00875
2015-08-20,40.52,40.82,40.42,40.55,14218000.0,14218000.0,-0.03,-0.074,40.59667,"August 20, 15",-0.00074
2015-08-21,40.16,40.47,39.51,39.53,28036200.0,28036200.0,0.63,1.569,39.83667,"August 21, 15",0.01569
2015-08-24,37.99,38.94,36.56,38.38,44065300.0,44065300.0,-0.39,-1.027,37.96,"August 24, 15",-0.01027
2015-08-25,39.13,39.28,37.93,37.99,31363700.0,31363700.0,1.14,2.913,38.4,"August 25, 15",0.02913
2015-08-26,38.75,38.83,37.89,38.73,23523300.0,23523300.0,0.02,0.052,38.48333,"August 26, 15",0.00052
2015-08-27,39.06,39.38,38.6,39.27,18871600.0,18871600.0,-0.21,-0.538,39.08333,"August 27, 15",-0.00538
2015-08-28,39.11,39.47,39.05,39.45,14503900.0,14503900.0,-0.34,-0.869,39.32333,"August 28, 15",-0.00869
2015-08-31,39.15,39.45,39.06,39.32,12673300.0,12673300.0,-0.17,-0.434,39.27667,"August 31, 15",-0.00434
2015-09-01,38.67,39.03,38.54,38.75,23703200.0,23703200.0,-0.08,-0.207,38.77333,"September 01, 15",-0.00207
2015-09-02,39.03,39.07,38.56,38.9,14054800.0,14054800.0,0.13,0.333,38.84333,"September 02, 15",0.00333
2015-09-03,38.9,39.34,38.84,39.16,13311600.0,13311600.0,-0.26,-0.668,39.11333,"September 03, 15",-0.00668
2015-09-04,38.68,38.79,38.38,38.52,15450500.0,15450500.0,0.16,0.414,38.56333,"September 04, 15",0.00414
2015-09-08,38.87,39.03,38.6,38.9,15273900.0,15273900.0,-0.03,-0.077,38.84333,"September 08, 15",-0.00077
2015-09-09,39.12,39.21,38.2,38.3,13764600.0,13764600.0,0.82,2.096,38.57,"September 09, 15",0.02096
2015-09-10,38.31,38.65,38.25,38.42,14952500.0,14952500.0,-0.11,-0.287,38.44,"September 10, 15",-0.00287
2015-09-11,38.01,38.19,37.84,38.13,11802300.0,11802300.0,-0.12,-0.316,38.05333,"September 11, 15",-0.00316
2015-09-14,38.22,38.22,37.85,38.1,8950000.0,8950000.0,0.12,0.314,38.05667,"September 14, 15",0.00314
2015-09-15,38.07,38.63,37.92,38.5,13019800.0,13019800.0,-0.43,-1.129,38.35,"September 15, 15",-0.01129
2015-09-16,38.67,39.19,38.47,39.15,22233400.0,22233400.0,-0.48,-1.241,38.93667,"September 16, 15",-0.01241
2015-09-17,39.15,39.61,39.04,39.38,21232500.0,21232500.0,-0.23,-0.587,39.34333,"September 17, 15",-0.00587
2015-09-18,38.86,39.3,38.71,38.98,27527300.0,27527300.0,-0.12,-0.309,38.99667,"September 18, 15",-0.00309
2015-09-21,39.05,39.31,38.94,39.19,12935800.0,12935800.0,-0.14,-0.359,39.14667,"September 21, 15",-0.00359
2015-09-22,38.68,38.99,38.58,38.79,15021300.0,15021300.0,-0.11,-0.284,38.78667,"September 22, 15",-0.00284
2015-09-23,38.79,38.88,38.55,38.76,8910800.0,8910800.0,0.03,0.077,38.73,"September 23, 15",0.00077
2015-09-24,38.52,39.2,38.51,39.15,19385700.0,19385700.0,-0.63,-1.636,38.95333,"September 24, 15",-0.01636
2015-09-25,39.43,40.08,39.33,39.62,22511300.0,22511300.0,-0.19,-0.482,39.67667,"September 25, 15",-0.00482
2015-09-28,39.52,39.82,39.33,39.53,19323100.0,19323100.0,-0.01,-0.025,39.56,"September 28, 15",-0.00025
2015-09-29,39.52,39.71,39.33,39.66,14166900.0,14166900.0,-0.14,-0.354,39.56667,"September 29, 15",-0.00354
2015-09-30,39.88,40.23,39.8,40.12,19752600.0,19752600.0,-0.24,-0.602,40.05,"September 30, 15",-0.00602
2015-10-01,40.22,40.47,39.6,39.8,19606600.0,19606600.0,0.42,1.044,39.95667,"October 01, 15",0.01044
2015-10-02,39.56,40.39,39.36,40.39,15537300.0,15537300.0,-0.83,-2.098,40.04667,"October 02, 15",-0.02098
2015-10-05,40.45,41.05,40.43,41.01,15664000.0,15664000.0,-0.56,-1.384,40.83,"October 05, 15",-0.01384
2015-10-06,41.04,41.34,40.93,40.96,14579400.0,14579400.0,0.08,0.195,41.07667,"October 06, 15",0.00195
2015-10-07,41.14,41.61,41.1,41.52,14329700.0,14329700.0,-0.38,-0.924,41.41,"October 07, 15",-0.00924
2015-10-08,41.26,41.99,41.26,41.98,11960200.0,11960200.0,-0.72,-1.745,41.74333,"October 08, 15",-0.01745
2015-10-09,41.82,42.12,41.78,42.02,13931200.0,13931200.0,-0.2,-0.478,41.97333,"October 09, 15",-0.00478
2015-10-12,41.83,42.29,41.81,42.0,12299100.0,12299100.0,-0.17,-0.406,42.03333,"October 12, 15",-0.00406
2015-10-13,41.8,41.91,41.54,41.65,12903600.0,12903600.0,0.15,0.359,41.7,"October 13, 15",0.00359
2015-10-14,41.56,41.96,41.56,41.68,14180000.0,14180000.0,-0.12,-0.289,41.73333,"October 14, 15",-0.00289
2015-10-15,41.87,42.03,41.6,41.92,11801600.0,11801600.0,-0.05,-0.119,41.85,"October 15, 15",-0.00119
2015-10-16,42.16,42.21,41.88,42.02,20384200.0,20384200.0,0.14,0.332,42.03667,"October 16, 15",0.00332
2015-10-19,41.9,42.06,41.8,41.99,15553800.0,15553800.0,-0.09,-0.215,41.95,"October 19, 15",-0.00215
2015-10-20,42.0,42.4,42.0,42.29,16199300.0,16199300.0,-0.29,-0.69,42.23,"October 20, 15",-0.0069
2015-10-21,41.94,42.52,41.71,42.19,19254900.0,19254900.0,-0.25,-0.596,42.14,"October 21, 15",-0.00596
2015-10-22,42.44,43.85,42.41,43.24,35920200.0,35920200.0,-0.8,-1.885,43.16667,"October 22, 15",-0.01885
2015-10-23,43.31,43.31,42.75,42.79,18796100.0,18796100.0,0.52,1.201,42.95,"October 23, 15",0.01201
2015-10-26,42.76,42.89,42.46,42.59,14788600.0,14788600.0,0.17,0.398,42.64667,"October 26, 15",0.00398
2015-10-27,42.5,42.77,42.48,42.61,30166600.0,30166600.0,-0.11,-0.259,42.62,"October 27, 15",-0.00259
2015-10-28,42.75,42.84,42.21,42.73,13667300.0,13667300.0,0.02,0.047,42.59333,"October 28, 15",0.00047
2015-10-29,42.66,42.9,42.34,42.79,9427400.0,9427400.0,-0.13,-0.305,42.67667,"October 29, 15",-0.00305
2015-10-30,42.8,42.86,42.35,42.35,15356200.0,15356200.0,0.45,1.051,42.52,"October 30, 15",0.01051
2015-11-02,42.32,42.36,41.9,42.24,16252200.0,16252200.0,0.08,0.189,42.16667,"November 02, 15",0.00189
2015-11-03,42.18,42.32,41.81,42.16,9693100.0,9693100.0,0.02,0.047,42.09667,"November 03, 15",0.00047
2015-11-04,42.27,42.39,41.89,41.97,10488500.0,10488500.0,0.3,0.71,42.08333,"November 04, 15",0.0071
2015-11-05,42.0,42.35,41.98,42.33,9625100.0,9625100.0,-0.33,-0.786,42.22,"November 05, 15",-0.00786
2015-11-06,41.97,42.22,41.61,41.96,11926700.0,11926700.0,0.01,0.024,41.93,"November 06, 15",0.00024
2015-11-09,41.7,41.79,41.34,41.54,10842700.0,10842700.0,0.16,0.384,41.55667,"November 09, 15",0.00384
2015-11-10,41.44,41.81,41.43,41.77,8283100.0,8283100.0,-0.33,-0.796,41.67,"November 10, 15",-0.00796
2015-11-11,41.94,42.2,41.92,42.04,9101200.0,9101200.0,-0.1,-0.238,42.05333,"November 11, 15",-0.00238
2015-11-12,42.01,42.05,41.57,41.58,10725000.0,10725000.0,0.43,1.024,41.73333,"November 12, 15",0.01024
2015-11-13,41.46,41.78,41.36,41.38,11619500.0,11619500.0,0.08,0.193,41.50667,"November 13, 15",0.00193
2015-11-16,41.43,42.0,41.39,41.96,11244900.0,11244900.0,-0.53,-1.279,41.78333,"November 16, 15",-0.01279
2015-11-17,41.85,42.15,41.51,41.67,12739400.0,12739400.0,0.18,0.43,41.77667,"November 17, 15",0.0043
2015-11-18,41.77,42.35,41.68,42.28,12966300.0,12966300.0,-0.51,-1.221,42.10333,"November 18, 15",-0.01221
2015-11-19,42.32,43.3,42.32,43.11,24090700.0,24090700.0,-0.79,-1.867,42.91,"November 19, 15",-0.01867
2015-11-20,43.31,43.58,42.4,42.43,19780800.0,19780800.0,0.88,2.032,42.80333,"November 20, 15",0.02032
2015-11-23,42.55,43.18,42.53,42.96,13338100.0,13338100.0,-0.41,-0.964,42.89,"November 23, 15",-0.00964
2015-11-24,42.7,43.6,42.66,43.36,15767200.0,15767200.0,-0.66,-1.546,43.20667,"November 24, 15",-0.01546
2015-11-25,43.32,43.5,43.24,43.36,10344900.0,10344900.0,-0.04,-0.092,43.36667,"November 25, 15",-0.00092
2015-11-27,43.04,43.24,42.8,43.15,7236700.0,7236700.0,-0.11,-0.256,43.06333,"November 27, 15",-0.00256
2015-11-30,43.12,43.15,42.61,42.62,16063000.0,16063000.0,0.5,1.16,42.79333,"November 30, 15",0.0116
2015-12-01,42.73,43.1,42.73,42.89,11153000.0,11153000.0,-0.16,-0.374,42.90667,"December 01, 15",-0.00374
2015-12-02,42.83,42.93,42.59,42.77,12598500.0,12598500.0,0.06,0.14,42.76333,"December 02, 15",0.0014
2015-12-03,42.73,42.89,42.32,42.46,15004400.0,15004400.0,0.27,0.632,42.55667,"December 03, 15",0.00632
2015-12-04,42.58,43.48,42.58,43.29,16488000.0,16488000.0,-0.71,-1.667,43.11667,"December 04, 15",-0.01667
2015-12-07,43.31,43.44,43.0,43.2,12030700.0,12030700.0,0.11,0.254,43.21333,"December 07, 15",0.00254
2015-12-08,43.05,43.25,42.8,43.01,10736200.0,10736200.0,0.04,0.093,43.02,"December 08, 15",0.00093
2015-12-09,42.78,43.27,42.5,42.66,12945500.0,12945500.0,0.12,0.281,42.81,"December 09, 15",0.00281
2015-12-10,42.73,43.07,42.53,42.76,15483300.0,15483300.0,-0.03,-0.07,42.78667,"December 10, 15",-0.0007
2015-12-11,42.63,42.83,42.14,42.27,17313400.0,17313400.0,0.36,0.844,42.41333,"December 11, 15",0.00844
2015-12-14,42.31,42.76,41.97,42.45,20092900.0,20092900.0,-0.14,-0.331,42.39333,"December 14, 15",-0.00331
2015-12-15,42.84,43.24,42.76,43.07,17916400.0,17916400.0,-0.23,-0.537,43.02333,"December 15, 15",-0.00537
2015-12-16,43.25,43.91,43.25,43.84,21868600.0,21868600.0,-0.59,-1.364,43.66667,"December 16, 15",-0.01364
2015-12-17,43.81,43.89,43.42,43.49,14697000.0,14697000.0,0.32,0.73,43.6,"December 17, 15",0.0073
2015-12-18,43.36,43.42,42.5,42.5,24583700.0,24583700.0,0.86,1.983,42.80667,"December 18, 15",0.01983
2015-12-21,42.82,42.94,42.46,42.78,10444400.0,10444400.0,0.04,0.093,42.72667,"December 21, 15",0.00093
2015-12-22,42.86,43.39,42.71,43.29,12280800.0,12280800.0,-0.43,-1.003,43.13,"December 22, 15",-0.01003
2015-12-23,43.39,43.73,43.35,43.67,9092300.0,9092300.0,-0.28,-0.645,43.58333,"December 23, 15",-0.00645
2015-12-24,43.49,43.72,43.42,43.54,3036600.0,3036600.0,-0.05,-0.115,43.56,"December 24, 15",-0.00115
2015-12-28,43.44,43.52,43.31,43.49,6326100.0,6326100.0,-0.05,-0.115,43.44,"December 28, 15",-0.00115
2015-12-29,43.54,43.78,43.5,43.71,7739800.0,7739800.0,-0.17,-0.39,43.66333,"December 29, 15",-0.0039
2015-12-30,43.75,43.77,43.45,43.57,5112500.0,5112500.0,0.18,0.411,43.59667,"December 30, 15",0.00411
2015-12-31,43.3,43.34,42.87,42.96,9727900.0,9727900.0,0.34,0.785,43.05667,"December 31, 15",0.00785
2016-01-04,42.34,42.5,41.97,42.4,16084100.0,16084100.0,-0.06,-0.142,42.29,"January 04, 16",-0.00142
2016-01-05,42.31,42.63,42.17,42.55,15781900.0,15781900.0,-0.24,-0.567,42.45,"January 05, 16",-0.00567
2016-01-06,42.2,42.51,42.04,42.32,16245100.0,16245100.0,-0.12,-0.284,42.29,"January 06, 16",-0.00284
2016-01-07,41.65,42.11,41.45,41.62,20563600.0,20563600.0,0.03,0.072,41.72667,"January 07, 16",0.00072
2016-01-08,41.65,42.12,41.41,41.51,14645900.0,14645900.0,0.14,0.336,41.68,"January 08, 16",0.00336
2016-01-11,41.58,41.86,41.29,41.58,15815200.0,15815200.0,0.0,0.0,41.57667,"January 11, 16",0.0
2016-01-12,42.3,42.45,41.87,42.12,21814800.0,21814800.0,0.18,0.426,42.14667,"January 12, 16",0.00426
2016-01-13,42.17,42.57,41.79,41.85,16854300.0,16854300.0,0.32,0.759,42.07,"January 13, 16",0.00759
2016-01-14,41.99,42.17,41.64,41.88,16028000.0,16028000.0,0.11,0.262,41.89667,"January 14, 16",0.00262
2016-01-15,40.95,41.59,40.93,41.5,21153600.0,21153600.0,-0.55,-1.343,41.34,"January 15, 16",-0.01343
2016-01-19,41.77,42.12,41.65,41.92,15462200.0,15462200.0,-0.15,-0.359,41.89667,"January 19, 16",-0.00359
2016-01-20,41.45,41.62,40.75,41.38,19923500.0,19923500.0,0.07,0.169,41.25,"January 20, 16",0.00169
2016-01-21,41.45,41.51,41.09,41.39,15568900.0,15568900.0,0.06,0.145,41.33,"January 21, 16",0.00145
2016-01-22,41.64,42.24,41.45,42.06,15209200.0,15209200.0,-0.42,-1.009,41.91667,"January 22, 16",-0.01009
2016-01-25,42.24,42.5,41.93,42.16,12505200.0,12505200.0,0.08,0.189,42.19667,"January 25, 16",0.00189
2016-01-26,42.16,42.5,41.93,42.08,13018500.0,13018500.0,0.08,0.19,42.17,"January 26, 16",0.0019
2016-01-27,42.18,42.46,41.81,42.09,14167000.0,14167000.0,0.09,0.213,42.12,"January 27, 16",0.00213
2016-01-28,42.18,42.72,42.06,42.57,16622800.0,16622800.0,-0.39,-0.925,42.45,"January 28, 16",-0.00925
2016-01-29,42.86,43.26,42.65,42.92,20457000.0,20457000.0,-0.06,-0.14,42.94333,"January 29, 16",-0.0014
2016-02-01,42.6,43.15,42.57,43.0,17097800.0,17097800.0,-0.4,-0.939,42.90667,"February 01, 16",-0.00939
2016-02-02,42.7,42.79,42.41,42.44,12332900.0,12332900.0,0.26,0.609,42.54667,"February 02, 16",0.00609
2016-02-03,42.8,42.94,42.28,42.72,15958300.0,15958300.0,0.08,0.187,42.64667,"February 03, 16",0.00187
2016-02-04,42.52,42.89,42.4,42.53,14413700.0,14413700.0,-0.01,-0.024,42.60667,"February 04, 16",-0.00024
2016-02-05,42.93,42.99,42.26,42.44,17315700.0,17315700.0,0.49,1.141,42.56333,"February 05, 16",0.01141
2016-02-08,42.17,42.7,41.9,42.65,17254400.0,17254400.0,-0.48,-1.138,42.41667,"February 08, 16",-0.01138
2016-02-09,42.26,43.49,42.26,43.3,24853800.0,24853800.0,-1.04,-2.461,43.01667,"February 09, 16",-0.02461
2016-02-10,43.34,43.39,42.51,42.55,16729600.0,16729600.0,0.79,1.823,42.81667,"February 10, 16",0.01823
2016-02-11,42.03,42.61,41.98,42.41,16825300.0,16825300.0,-0.38,-0.904,42.33333,"February 11, 16",-0.00904
2016-02-12,42.72,43.14,42.56,43.11,15222400.0,15222400.0,-0.39,-0.913,42.93667,"February 12, 16",-0.00913
2016-02-16,43.32,43.46,43.02,43.36,12675900.0,12675900.0,-0.04,-0.092,43.28,"February 16, 16",-0.00092
2016-02-17,43.42,43.62,43.28,43.49,12332500.0,12332500.0,-0.07,-0.161,43.46333,"February 17, 16",-0.00161
2016-02-18,43.63,43.73,43.3,43.61,11170300.0,11170300.0,0.02,0.046,43.54667,"February 18, 16",0.00046
2016-02-19,43.58,43.77,43.28,43.77,12850000.0,12850000.0,-0.19,-0.436,43.60667,"February 19, 16",-0.00436
2016-02-22,43.77,44.16,43.63,43.94,20716100.0,20716100.0,-0.17,-0.388,43.91,"February 22, 16",-0.00388
2016-02-23,43.74,44.05,43.66,43.69,11166400.0,11166400.0,0.05,0.114,43.8,"February 23, 16",0.00114
2016-02-24,43.56,43.94,43.37,43.91,10844200.0,10844200.0,-0.35,-0.803,43.74,"February 24, 16",-0.00803
2016-02-25,43.96,44.18,43.87,44.16,10903300.0,10903300.0,-0.2,-0.455,44.07,"February 25, 16",-0.00455
2016-02-26,44.04,44.06,43.11,43.14,18421000.0,18421000.0,0.9,2.044,43.43667,"February 26, 16",0.02044
2016-02-29,43.17,43.61,42.92,43.13,15049800.0,15049800.0,0.04,0.093,43.22,"February 29, 16",0.00093
2016-03-01,43.38,43.69,43.17,43.69,12358300.0,12358300.0,-0.31,-0.715,43.51667,"March 01, 16",-0.00715
2016-03-02,43.47,43.77,43.42,43.77,12856300.0,12856300.0,-0.3,-0.69,43.65333,"March 02, 16",-0.0069
2016-03-03,43.61,43.98,43.54,43.96,13134800.0,13134800.0,-0.35,-0.803,43.82667,"March 03, 16",-0.00803
2016-03-04,43.78,44.15,43.68,44.11,13691500.0,13691500.0,-0.33,-0.754,43.98,"March 04, 16",-0.00754
2016-03-07,43.91,44.14,43.86,44.01,10695300.0,10695300.0,-0.1,-0.228,44.00333,"March 07, 16",-0.00228
2016-03-08,43.92,44.47,43.81,44.32,18900200.0,18900200.0,-0.4,-0.911,44.2,"March 08, 16",-0.00911
2016-03-09,44.39,44.83,44.29,44.81,18466600.0,18466600.0,-0.42,-0.946,44.64333,"March 09, 16",-0.00946
2016-03-10,44.84,45.26,44.68,45.23,28908600.0,28908600.0,-0.39,-0.87,45.05667,"March 10, 16",-0.0087
2016-03-11,45.0,45.25,44.93,45.2,16129300.0,16129300.0,-0.2,-0.444,45.12667,"March 11, 16",-0.00444
2016-03-14,45.04,45.42,45.04,45.29,13206700.0,13206700.0,-0.25,-0.555,45.25,"March 14, 16",-0.00555
2016-03-15,45.08,45.56,45.07,45.24,13686300.0,13686300.0,-0.16,-0.355,45.29,"March 15, 16",-0.00355
2016-03-16,45.05,45.17,44.55,45.05,15386100.0,15386100.0,0.0,0.0,44.92333,"March 16, 16",0.0
2016-03-17,45.05,45.91,44.97,45.77,24080000.0,24080000.0,-0.72,-1.598,45.55,"March 17, 16",-0.01598
2016-03-18,45.84,45.87,45.39,45.6,23853400.0,23853400.0,0.24,0.524,45.62,"March 18, 16",0.00524
2016-03-21,45.42,45.87,45.36,45.67,9740400.0,9740400.0,-0.25,-0.55,45.63333,"March 21, 16",-0.0055
2016-03-22,45.55,45.73,45.39,45.5,13788300.0,13788300.0,0.05,0.11,45.54,"March 22, 16",0.0011
2016-03-23,45.4,45.71,45.35,45.46,9292100.0,9292100.0,-0.06,-0.132,45.50667,"March 23, 16",-0.00132
2016-03-24,45.45,45.6,45.19,45.58,10890200.0,10890200.0,-0.13,-0.286,45.45667,"March 24, 16",-0.00286
2016-03-28,45.56,45.93,45.51,45.8,13306600.0,13306600.0,-0.24,-0.527,45.74667,"March 28, 16",-0.00527
2016-03-29,45.86,46.51,45.81,46.48,25010400.0,25010400.0,-0.62,-1.352,46.26667,"March 29, 16",-0.01352
2016-03-30,46.63,46.73,46.33,46.58,14312200.0,14312200.0,0.05,0.107,46.54667,"March 30, 16",0.00107
2016-03-31,46.55,46.88,46.32,46.39,15544500.0,15544500.0,0.16,0.344,46.53,"March 31, 16",0.00344
2016-04-01,46.14,46.87,46.11,46.83,14922900.0,14922900.0,-0.69,-1.495,46.60333,"April 01, 16",-0.01495
2016-04-04,46.84,46.93,46.5,46.89,10629800.0,10629800.0,-0.05,-0.107,46.77333,"April 04, 16",-0.00107
2016-04-05,46.62,46.81,46.44,46.53,10696700.0,10696700.0,0.09,0.193,46.59333,"April 05, 16",0.00193
2016-04-06,46.57,46.73,46.38,46.71,9122700.0,9122700.0,-0.14,-0.301,46.60667,"April 06, 16",-0.00301
2016-04-07,46.5,46.58,46.16,46.36,9292000.0,9292000.0,0.14,0.301,46.36667,"April 07, 16",0.00301
2016-04-08,46.44,46.98,46.44,46.87,11959300.0,11959300.0,-0.43,-0.926,46.76333,"April 08, 16",-0.00926
2016-04-11,46.9,47.13,46.41,46.44,11880100.0,11880100.0,0.46,0.981,46.66,"April 11, 16",0.00981
2016-04-12,46.41,46.76,46.35,46.65,11219100.0,11219100.0,-0.24,-0.517,46.58667,"April 12, 16",-0.00517
2016-04-13,46.77,46.78,45.82,46.04,13234100.0,13234100.0,0.73,1.561,46.21333,"April 13, 16",0.01561
2016-04-14,46.06,46.22,45.75,45.83,12982200.0,12982200.0,0.23,0.499,45.93333,"April 14, 16",0.00499
2016-04-15,45.82,46.16,45.68,46.1,13647800.0,13647800.0,-0.28,-0.611,45.98,"April 15, 16",-0.00611
2016-04-18,46.1,46.28,45.82,46.22,11538100.0,11538100.0,-0.12,-0.26,46.10667,"April 18, 16",-0.0026
2016-04-19,46.31,46.62,46.15,46.6,14418300.0,14418300.0,-0.29,-0.626,46.45667,"April 19, 16",-0.00626
2016-04-20,45.34,45.38,44.06,44.37,40360300.0,40360300.0,0.97,2.139,44.60333,"April 20, 16",0.02139
2016-04-21,44.26,44.28,42.87,43.66,37206900.0,37206900.0,0.6,1.356,43.60333,"April 21, 16",0.01356
2016-04-22,43.79,44.66,43.79,44.54,25134200.0,25134200.0,-0.75,-1.713,44.33,"April 22, 16",-0.01713
2016-04-25,44.5,44.72,44.38,44.71,11173800.0,11173800.0,-0.21,-0.472,44.60333,"April 25, 16",-0.00472
2016-04-26,44.92,44.96,44.43,44.53,13935500.0,13935500.0,0.39,0.868,44.64,"April 26, 16",0.00868
2016-04-27,44.64,44.86,44.25,44.68,11335500.0,11335500.0,-0.04,-0.09,44.59667,"April 27, 16",-0.0009
2016-04-28,44.5,44.9,44.46,44.63,10932500.0,10932500.0,-0.13,-0.292,44.66333,"April 28, 16",-0.00292
2016-04-29,44.53,44.86,44.5,44.8,11716000.0,11716000.0,-0.27,-0.606,44.72,"April 29, 16",-0.00606
2016-05-02,44.57,45.19,44.57,44.98,12577500.0,12577500.0,-0.41,-0.92,44.91333,"May 02, 16",-0.0092
2016-05-03,44.87,45.07,44.65,44.84,10420500.0,10420500.0,0.03,0.067,44.85333,"May 03, 16",0.00067
2016-05-04,44.72,45.11,44.51,44.98,9350500.0,9350500.0,-0.26,-0.581,44.86667,"May 04, 16",-0.00581
2016-05-05,44.93,45.49,44.87,45.06,8801100.0,8801100.0,-0.13,-0.289,45.14,"May 05, 16",-0.00289
2016-05-06,45.06,45.41,44.92,45.32,8564000.0,8564000.0,-0.26,-0.577,45.21667,"May 06, 16",-0.00577
2016-05-09,45.32,45.5,45.17,45.24,8110600.0,8110600.0,0.08,0.177,45.30333,"May 09, 16",0.00177
2016-05-10,45.44,45.84,45.42,45.75,8933500.0,8933500.0,-0.31,-0.682,45.67,"May 10, 16",-0.00682
2016-05-11,45.73,45.88,45.45,45.46,8833100.0,8833100.0,0.27,0.59,45.59667,"May 11, 16",0.0059
2016-05-12,45.55,45.9,45.49,45.83,10463400.0,10463400.0,-0.28,-0.615,45.74,"May 12, 16",-0.00615
2016-05-13,45.75,45.83,45.23,45.35,10341200.0,10341200.0,0.4,0.874,45.47,"May 13, 16",0.00874
2016-05-16,45.16,45.73,45.14,45.62,9413600.0,9413600.0,-0.46,-1.019,45.49667,"May 16, 16",-0.01019
2016-05-17,45.45,45.56,44.71,44.75,17457000.0,17457000.0,0.7,1.54,45.00667,"May 17, 16",0.0154
2016-05-18,44.56,44.83,44.23,44.48,12524300.0,12524300.0,0.08,0.18,44.51333,"May 18, 16",0.0018
2016-05-19,44.25,44.39,44.04,44.32,10659500.0,10659500.0,-0.07,-0.158,44.25,"May 19, 16",-0.00158
2016-05-20,44.51,44.54,43.94,43.95,12914100.0,12914100.0,0.56,1.258,44.14333,"May 20, 16",0.01258
2016-05-23,44.07,44.16,43.94,43.97,13554700.0,13554700.0,0.1,0.227,44.02333,"May 23, 16",0.00227
2016-05-24,44.1,44.42,44.0,44.37,12634200.0,12634200.0,-0.27,-0.612,44.26333,"May 24, 16",-0.00612
2016-05-25,44.51,44.63,44.25,44.38,9218100.0,9218100.0,0.13,0.292,44.42,"May 25, 16",0.00292
2016-05-26,44.53,44.77,44.44,44.69,8695800.0,8695800.0,-0.16,-0.359,44.63333,"May 26, 16",-0.00359
2016-05-27,44.71,44.96,44.65,44.78,7893900.0,7893900.0,-0.07,-0.157,44.79667,"May 27, 16",-0.00157
2016-05-31,44.98,44.98,44.26,44.6,18935200.0,18935200.0,0.38,0.845,44.61333,"May 31, 16",0.00845
2016-06-01,44.6,44.78,44.49,44.7,8916000.0,8916000.0,-0.1,-0.224,44.65667,"June 01, 16",-0.00224
2016-06-02,44.7,44.72,44.5,44.72,6693900.0,6693900.0,-0.02,-0.045,44.64667,"June 02, 16",-0.00045
2016-06-03,44.75,45.05,44.68,45.04,13434900.0,13434900.0,-0.29,-0.648,44.92333,"June 03, 16",-0.00648
2016-06-06,45.09,45.48,45.08,45.37,10310600.0,10310600.0,-0.28,-0.621,45.31,"June 06, 16",-0.00621
2016-06-07,45.35,45.48,45.2,45.32,9812600.0,9812600.0,0.03,0.066,45.33333,"June 07, 16",0.00066
2016-06-08,45.24,45.66,45.19,45.55,7915400.0,7915400.0,-0.31,-0.685,45.46667,"June 08, 16",-0.00685
2016-06-09,45.33,45.8,45.31,45.76,8042900.0,8042900.0,-0.43,-0.949,45.62333,"June 09, 16",-0.00949
2016-06-10,45.62,46.01,45.56,45.99,12357000.0,12357000.0,-0.37,-0.811,45.85333,"June 10, 16",-0.00811
2016-06-13,45.48,45.67,45.09,45.12,10613500.0,10613500.0,0.36,0.792,45.29333,"June 13, 16",0.00792
2016-06-14,44.85,45.13,44.44,45.04,11298200.0,11298200.0,-0.19,-0.424,44.87,"June 14, 16",-0.00424
2016-06-15,45.12,45.34,44.88,45.01,8360400.0,8360400.0,0.11,0.244,45.07667,"June 15, 16",0.00244
2016-06-16,44.87,45.34,44.72,45.31,11305400.0,11305400.0,-0.44,-0.981,45.12333,"June 16, 16",-0.00981
2016-06-17,45.17,45.22,44.38,44.79,20805400.0,20805400.0,0.38,0.841,44.79667,"June 17, 16",0.00841
2016-06-20,45.09,45.31,44.96,44.98,10712400.0,10712400.0,0.11,0.244,45.08333,"June 20, 16",0.00244
2016-06-21,45.16,45.28,45.0,45.13,7919400.0,7919400.0,0.03,0.066,45.13667,"June 21, 16",0.00066
2016-06-22,45.25,45.33,44.81,44.86,10738900.0,10738900.0,0.39,0.862,45.0,"June 22, 16",0.00862
2016-06-23,45.03,45.17,44.84,45.08,9655300.0,9655300.0,-0.05,-0.111,45.03,"June 23, 16",-0.00111
2016-06-24,44.2,44.56,43.82,43.93,26003700.0,26003700.0,0.27,0.611,44.10333,"June 24, 16",0.00611
2016-06-27,43.67,43.89,43.32,43.78,15779500.0,15779500.0,-0.11,-0.252,43.66333,"June 27, 16",-0.00252
2016-06-28,44.06,44.19,43.67,44.18,16509800.0,16509800.0,-0.12,-0.272,44.01333,"June 28, 16",-0.00272
2016-06-29,44.39,44.71,44.24,44.44,12250900.0,12250900.0,-0.05,-0.113,44.46333,"June 29, 16",-0.00113
2016-06-30,44.52,45.33,44.49,45.33,16056500.0,16056500.0,-0.81,-1.819,45.05,"June 30, 16",-0.01819
2016-07-01,45.33,45.41,45.07,45.12,11799700.0,11799700.0,0.21,0.463,45.2,"July 01, 16",0.00463
2016-07-05,45.16,45.67,45.15,45.43,12339100.0,12339100.0,-0.27,-0.598,45.41667,"July 05, 16",-0.00598
2016-07-06,45.5,45.55,44.92,45.27,10902600.0,10902600.0,0.23,0.505,45.24667,"July 06, 16",0.00505
2016-07-07,45.42,45.52,44.97,45.09,9741100.0,9741100.0,0.33,0.727,45.19333,"July 07, 16",0.00727
2016-07-08,45.3,45.52,45.07,45.38,11127100.0,11127100.0,-0.08,-0.177,45.32333,"July 08, 16",-0.00177
2016-07-11,45.35,45.77,45.11,45.57,10937800.0,10937800.0,-0.22,-0.485,45.48333,"July 11, 16",-0.00485
2016-07-12,45.64,45.71,45.18,45.58,9739000.0,9739000.0,0.06,0.131,45.49,"July 12, 16",0.00131
2016-07-13,45.61,45.76,45.43,45.74,8028400.0,8028400.0,-0.13,-0.285,45.64333,"July 13, 16",-0.00285
2016-07-14,45.73,45.94,45.58,45.69,7621200.0,7621200.0,0.04,0.087,45.73667,"July 14, 16",0.00087
2016-07-15,45.88,45.9,45.44,45.63,10621000.0,10621000.0,0.25,0.545,45.65667,"July 15, 16",0.00545
2016-07-18,45.69,45.7,45.48,45.63,7958300.0,7958300.0,0.06,0.131,45.60333,"July 18, 16",0.00131
2016-07-19,45.46,45.71,45.43,45.63,7761100.0,7761100.0,-0.17,-0.374,45.59,"July 19, 16",-0.00374
2016-07-20,45.75,45.77,45.39,45.51,8478200.0,8478200.0,0.24,0.525,45.55667,"July 20, 16",0.00525
2016-07-21,45.34,45.51,45.26,45.45,8045100.0,8045100.0,-0.11,-0.243,45.40667,"July 21, 16",-0.00243
2016-07-22,45.5,45.84,45.46,45.83,8836100.0,8836100.0,-0.33,-0.725,45.71,"July 22, 16",-0.00725
2016-07-25,45.81,45.83,45.47,45.57,9134300.0,9134300.0,0.24,0.524,45.62333,"July 25, 16",0.00524
2016-07-26,45.53,45.65,44.83,44.88,15819900.0,15819900.0,0.65,1.428,45.12,"July 26, 16",0.01428
2016-07-27,43.9,44.06,43.1,43.4,37461100.0,37461100.0,0.5,1.139,43.52,"July 27, 16",0.01139
2016-07-28,43.27,43.69,43.22,43.65,13077800.0,13077800.0,-0.38,-0.878,43.52,"July 28, 16",-0.00878
2016-07-29,43.72,43.75,43.48,43.63,16530500.0,16530500.0,0.09,0.206,43.62,"July 29, 16",0.00206
2016-08-01,43.69,43.83,43.43,43.45,12349700.0,12349700.0,0.24,0.549,43.57,"August 01, 16",0.00549
2016-08-02,43.35,43.58,43.31,43.53,12825200.0,12825200.0,-0.18,-0.415,43.47333,"August 02, 16",-0.00415
2016-08-03,43.66,43.7,43.37,43.64,12119100.0,12119100.0,0.02,0.046,43.57,"August 03, 16",0.00046
2016-08-04,43.56,43.8,43.4,43.51,11244100.0,11244100.0,0.05,0.115,43.57,"August 04, 16",0.00115
2016-08-05,43.65,43.75,43.41,43.48,10398200.0,10398200.0,0.17,0.389,43.54667,"August 05, 16",0.00389
2016-08-08,43.43,43.52,43.22,43.44,8680300.0,8680300.0,-0.01,-0.023,43.39333,"August 08, 16",-0.00023
2016-08-09,43.5,43.64,43.38,43.47,7281300.0,7281300.0,0.03,0.069,43.49667,"August 09, 16",0.00069
2016-08-10,43.64,43.69,43.5,43.61,8412100.0,8412100.0,0.03,0.069,43.6,"August 10, 16",0.00069
2016-08-11,43.72,43.87,43.62,43.75,11303300.0,11303300.0,-0.03,-0.069,43.74667,"August 11, 16",-0.00069
2016-08-12,43.91,44.19,43.79,44.03,10928900.0,10928900.0,-0.12,-0.273,44.00333,"August 12, 16",-0.00273
2016-08-15,44.1,44.33,44.01,44.24,10390600.0,10390600.0,-0.14,-0.317,44.19333,"August 15, 16",-0.00317
2016-08-16,44.25,44.25,43.83,43.83,9706100.0,9706100.0,0.42,0.949,43.97,"August 16, 16",0.00949
2016-08-17,44.01,44.07,43.78,44.06,11208500.0,11208500.0,-0.05,-0.114,43.97,"August 17, 16",-0.00114
2016-08-18,44.01,44.26,44.0,44.1,9144300.0,9144300.0,-0.09,-0.204,44.12,"August 18, 16",-0.00204
2016-08-19,44.05,44.06,43.74,43.92,9385900.0,9385900.0,0.13,0.295,43.90667,"August 19, 16",0.00295
2016-08-22,43.94,43.95,43.73,43.74,8687500.0,8687500.0,0.2,0.455,43.80667,"August 22, 16",0.00455
2016-08-23,43.85,43.98,43.74,43.85,8421100.0,8421100.0,0.0,0.0,43.85667,"August 23, 16",0.0
2016-08-24,43.82,43.94,43.66,43.85,11508900.0,11508900.0,-0.03,-0.068,43.81667,"August 24, 16",-0.00068
2016-08-25,43.85,43.94,43.63,43.67,9815700.0,9815700.0,0.18,0.41,43.74667,"August 25, 16",0.0041
2016-08-26,43.72,43.92,43.31,43.32,11824900.0,11824900.0,0.4,0.915,43.51667,"August 26, 16",0.00915
2016-08-29,43.34,43.61,43.33,43.54,9544600.0,9544600.0,-0.2,-0.461,43.49333,"August 29, 16",-0.00461
2016-08-30,43.46,43.53,43.12,43.24,9720100.0,9720100.0,0.22,0.506,43.29667,"August 30, 16",0.00506
2016-08-31,43.43,43.46,43.08,43.43,10217900.0,10217900.0,0.0,0.0,43.32333,"August 31, 16",0.0
2016-09-01,43.21,43.41,43.2,43.35,8457800.0,8457800.0,-0.14,-0.324,43.32,"September 01, 16",-0.00324
2016-09-02,43.52,43.83,43.47,43.66,9026000.0,9026000.0,-0.14,-0.322,43.65333,"September 02, 16",-0.00322
2016-09-06,43.74,43.8,43.4,43.79,8600400.0,8600400.0,-0.05,-0.114,43.66333,"September 06, 16",-0.00114
2016-09-07,43.72,43.8,43.53,43.64,8656600.0,8656600.0,0.08,0.183,43.65667,"September 07, 16",0.00183
2016-09-08,43.67,43.73,43.45,43.63,10020400.0,10020400.0,0.04,0.092,43.60333,"September 08, 16",0.00092
2016-09-09,43.43,43.43,42.27,42.27,23624200.0,23624200.0,1.16,2.671,42.65667,"September 09, 16",0.02671
2016-09-12,42.36,43.23,42.34,43.19,15932300.0,15932300.0,-0.83,-1.959,42.92,"September 12, 16",-0.01959
2016-09-13,42.77,42.77,42.21,42.28,12962700.0,12962700.0,0.49,1.146,42.42,"September 13, 16",0.01146
2016-09-14,42.27,42.41,41.99,42.11,9823900.0,9823900.0,0.16,0.379,42.17,"September 14, 16",0.00379
2016-09-15,42.01,42.39,41.88,42.36,10158500.0,10158500.0,-0.35,-0.833,42.21,"September 15, 16",-0.00833
2016-09-16,42.17,42.26,41.97,42.14,16354000.0,16354000.0,0.03,0.071,42.12333,"September 16, 16",0.00071
2016-09-19,42.16,42.37,42.08,42.1,7659900.0,7659900.0,0.06,0.142,42.18333,"September 19, 16",0.00142
2016-09-20,42.31,42.53,42.24,42.34,8407200.0,8407200.0,-0.03,-0.071,42.37,"September 20, 16",-0.00071
2016-09-21,42.28,42.61,42.1,42.53,13654700.0,13654700.0,-0.25,-0.591,42.41333,"September 21, 16",-0.00591
2016-09-22,42.71,43.01,42.69,42.96,9288300.0,9288300.0,-0.25,-0.585,42.88667,"September 22, 16",-0.00585
2016-09-23,42.81,42.94,42.65,42.74,8852700.0,8852700.0,0.07,0.164,42.77667,"September 23, 16",0.00164
2016-09-26,42.71,42.72,42.01,42.05,15036000.0,15036000.0,0.66,1.545,42.26,"September 26, 16",0.01545
2016-09-27,42.19,42.63,42.0,42.59,11920400.0,11920400.0,-0.4,-0.948,42.40667,"September 27, 16",-0.00948
2016-09-28,42.63,42.76,42.03,42.15,15523800.0,15523800.0,0.48,1.126,42.31333,"September 28, 16",0.01126
2016-09-29,42.02,42.39,41.85,42.03,12671700.0,12671700.0,-0.01,-0.024,42.09,"September 29, 16",-0.00024
2016-09-30,42.21,42.5,42.06,42.32,14375700.0,14375700.0,-0.11,-0.261,42.29333,"September 30, 16",-0.00261
2016-10-03,42.31,42.31,41.89,42.03,11152800.0,11152800.0,0.28,0.662,42.07667,"October 03, 16",0.00662
2016-10-04,42.34,42.34,41.78,41.84,13682700.0,13682700.0,0.5,1.181,41.98667,"October 04, 16",0.01181
2016-10-05,41.93,42.07,41.67,41.81,9607300.0,9607300.0,0.12,0.286,41.85,"October 05, 16",0.00286
2016-10-06,41.68,41.94,41.58,41.71,9722900.0,9722900.0,-0.03,-0.072,41.74333,"October 06, 16",-0.00072
2016-10-07,41.83,41.94,41.57,41.73,8122800.0,8122800.0,0.1,0.239,41.74667,"October 07, 16",0.00239
2016-10-10,41.92,41.99,41.6,41.73,8983600.0,8983600.0,0.19,0.453,41.77333,"October 10, 16",0.00453
2016-10-11,41.66,41.7,41.4,41.54,12249100.0,12249100.0,0.12,0.288,41.54667,"October 11, 16",0.00288
2016-10-12,41.63,41.84,41.5,41.78,12216300.0,12216300.0,-0.15,-0.36,41.70667,"October 12, 16",-0.0036
2016-10-13,41.65,41.89,41.51,41.76,17655600.0,17655600.0,-0.11,-0.264,41.72,"October 13, 16",-0.00264
2016-10-14,41.85,41.91,41.62,41.67,9893800.0,9893800.0,0.18,0.43,41.73333,"October 14, 16",0.0043
2016-10-17,41.73,41.86,41.57,41.6,10792500.0,10792500.0,0.13,0.312,41.67667,"October 17, 16",0.00312
2016-10-18,41.81,42.0,41.73,41.97,11297300.0,11297300.0,-0.16,-0.383,41.9,"October 18, 16",-0.00383
2016-10-19,41.93,42.12,41.81,42.05,16367400.0,16367400.0,-0.12,-0.286,41.99333,"October 19, 16",-0.00286
2016-10-20,41.97,42.11,41.89,41.93,10620500.0,10620500.0,0.04,0.095,41.97667,"October 20, 16",0.00095
2016-10-21,41.85,42.17,41.68,42.13,14401500.0,14401500.0,-0.28,-0.669,41.99333,"October 21, 16",-0.00669
2016-10-24,42.32,42.77,42.25,42.56,13439200.0,13439200.0,-0.24,-0.567,42.52667,"October 24, 16",-0.00567
2016-10-25,42.64,42.88,42.43,42.54,16484700.0,16484700.0,0.1,0.235,42.61667,"October 25, 16",0.00235
2016-10-26,43.0,43.03,42.41,42.44,16886200.0,16886200.0,0.56,1.302,42.62667,"October 26, 16",0.01302
2016-10-27,42.63,42.65,41.9,42.12,14537000.0,14537000.0,0.51,1.196,42.22333,"October 27, 16",0.01196
2016-10-28,42.26,42.47,42.1,42.23,13398400.0,13398400.0,0.03,0.071,42.26667,"October 28, 16",0.00071
2016-10-31,42.12,42.41,42.12,42.4,13327500.0,13327500.0,-0.28,-0.665,42.31,"October 31, 16",-0.00665
2016-11-01,42.4,42.43,41.91,42.12,12223400.0,12223400.0,0.28,0.66,42.15333,"November 01, 16",0.0066
2016-11-02,42.1,42.34,42.01,42.05,12034300.0,12034300.0,0.05,0.119,42.13333,"November 02, 16",0.00119
2016-11-03,42.22,42.22,41.96,42.03,11258000.0,11258000.0,0.19,0.45,42.07,"November 03, 16",0.0045
2016-11-04,41.85,42.04,41.69,41.69,14464200.0,14464200.0,0.16,0.382,41.80667,"November 04, 16",0.00382
2016-11-07,42.04,42.5,42.04,42.46,14038500.0,14038500.0,-0.42,-0.999,42.33333,"November 07, 16",-0.00999
2016-11-08,42.37,42.98,42.37,42.88,12036600.0,12036600.0,-0.51,-1.204,42.74333,"November 08, 16",-0.01204
2016-11-09,41.76,42.32,41.7,42.27,21351000.0,21351000.0,-0.51,-1.221,42.09667,"November 09, 16",-0.01221
2016-11-10,41.86,42.26,40.85,40.94,33245500.0,33245500.0,0.92,2.198,41.35,"November 10, 16",0.02198
2016-11-11,40.95,41.13,40.63,41.03,13421000.0,13421000.0,-0.08,-0.195,40.93,"November 11, 16",-0.00195
2016-11-14,41.13,41.42,40.85,41.17,19514200.0,19514200.0,-0.04,-0.097,41.14667,"November 14, 16",-0.00097
2016-11-15,41.18,41.52,41.17,41.44,16554000.0,16554000.0,-0.26,-0.631,41.37667,"November 15, 16",-0.00631
2016-11-16,41.4,41.65,41.16,41.26,12681400.0,12681400.0,0.14,0.338,41.35667,"November 16, 16",0.00338
2016-11-17,41.28,41.3,41.0,41.12,12398800.0,12398800.0,0.16,0.388,41.14,"November 17, 16",0.00388
2016-11-18,41.03,41.2,40.9,40.91,16345300.0,16345300.0,0.12,0.292,41.00333,"November 18, 16",0.00292
2016-11-21,40.91,41.36,40.73,41.36,12307000.0,12307000.0,-0.45,-1.1,41.15,"November 21, 16",-0.011
2016-11-22,41.45,41.7,41.24,41.37,12743500.0,12743500.0,0.08,0.193,41.43667,"November 22, 16",0.00193
2016-11-23,41.22,41.31,41.03,41.12,9281300.0,9281300.0,0.1,0.243,41.15333,"November 23, 16",0.00243
2016-11-25,41.39,41.58,41.24,41.53,7402300.0,7402300.0,-0.14,-0.338,41.45,"November 25, 16",-0.00338
2016-11-28,41.51,41.79,41.27,41.75,19424400.0,19424400.0,-0.24,-0.578,41.60333,"November 28, 16",-0.00578
2016-11-29,41.52,41.52,41.14,41.15,11421900.0,11421900.0,0.37,0.891,41.27,"November 29, 16",0.00891
2016-11-30,41.0,41.2,40.35,40.35,22410400.0,22410400.0,0.65,1.585,40.63333,"November 30, 16",0.01585
2016-12-01,40.31,40.39,39.88,40.17,20409900.0,20409900.0,0.14,0.347,40.14667,"December 01, 16",0.00347
2016-12-02,40.3,40.49,40.19,40.36,11176300.0,11176300.0,-0.06,-0.149,40.34667,"December 02, 16",-0.00149
2016-12-05,40.34,40.69,40.31,40.62,15977800.0,15977800.0,-0.28,-0.694,40.54,"December 05, 16",-0.00694
2016-12-06,40.75,40.77,40.42,40.57,11303500.0,11303500.0,0.18,0.442,40.58667,"December 06, 16",0.00442
2016-12-07,40.54,41.29,40.51,41.29,13726500.0,13726500.0,-0.75,-1.85,41.03,"December 07, 16",-0.0185
2016-12-08,41.07,41.21,40.85,40.98,13077100.0,13077100.0,0.09,0.219,41.01333,"December 08, 16",0.00219
2016-12-09,41.5,42.22,41.29,42.0,28125800.0,28125800.0,-0.5,-1.205,41.83667,"December 09, 16",-0.01205
2016-12-12,42.0,42.01,41.72,41.9,17561900.0,17561900.0,0.1,0.238,41.87667,"December 12, 16",0.00238
2016-12-13,41.72,41.96,41.54,41.76,18986000.0,18986000.0,-0.04,-0.096,41.75333,"December 13, 16",-0.00096
2016-12-14,41.89,41.99,41.06,41.21,17937900.0,17937900.0,0.68,1.623,41.42,"December 14, 16",0.01623
2016-12-15,41.1,41.81,41.1,41.55,14265300.0,14265300.0,-0.45,-1.095,41.48667,"December 15, 16",-0.01095
2016-12-16,41.61,41.76,41.48,41.74,19675200.0,19675200.0,-0.13,-0.312,41.66,"December 16, 16",-0.00312
2016-12-19,41.69,41.8,41.58,41.67,8687300.0,8687300.0,0.02,0.048,41.68333,"December 19, 16",0.00048
2016-12-20,41.7,41.72,41.44,41.66,10603500.0,10603500.0,0.04,0.096,41.60667,"December 20, 16",0.00096
2016-12-21,41.6,41.83,41.52,41.57,9693600.0,9693600.0,0.03,0.072,41.64,"December 21, 16",0.00072
2016-12-22,41.57,41.62,41.08,41.55,11894100.0,11894100.0,0.02,0.048,41.41667,"December 22, 16",0.00048
2016-12-23,41.62,41.69,41.35,41.6,6436600.0,6436600.0,0.02,0.048,41.54667,"December 23, 16",0.00048
2016-12-27,41.56,41.76,41.54,41.61,6999200.0,6999200.0,-0.05,-0.12,41.63667,"December 27, 16",-0.0012
2016-12-28,41.49,41.67,41.39,41.39,8988000.0,8988000.0,0.1,0.241,41.48333,"December 28, 16",0.00241
2016-12-29,41.38,41.69,41.38,41.6,6875300.0,6875300.0,-0.22,-0.532,41.55667,"December 29, 16",-0.00532
2016-12-30,41.69,41.84,41.35,41.46,11470200.0,11470200.0,0.23,0.552,41.55,"December 30, 16",0.00552
2017-01-03,41.5,41.81,41.28,41.8,14711000.0,14711000.0,-0.3,-0.723,41.63,"January 03, 17",-0.00723
2017-01-04,41.88,41.97,41.59,41.65,9959400.0,9959400.0,0.23,0.549,41.73667,"January 04, 17",0.00549
2017-01-05,41.66,41.86,41.53,41.75,8968300.0,8968300.0,-0.09,-0.216,41.71333,"January 05, 17",-0.00216
2017-01-06,41.7,41.81,41.54,41.74,10246600.0,10246600.0,-0.04,-0.096,41.69667,"January 06, 17",-0.00096
2017-01-09,41.23,41.58,41.21,41.32,14822500.0,14822500.0,-0.09,-0.218,41.37,"January 09, 17",-0.00218
2017-01-10,41.44,41.44,40.86,41.04,19706800.0,19706800.0,0.4,0.965,41.11333,"January 10, 17",0.00965
2017-01-11,40.85,41.12,40.83,41.05,9266200.0,9266200.0,-0.2,-0.49,41.0,"January 11, 17",-0.0049
2017-01-12,41.01,41.04,40.8,40.95,8541200.0,8541200.0,0.06,0.146,40.93,"January 12, 17",0.00146
2017-01-13,41.0,41.04,40.69,40.88,8123500.0,8123500.0,0.12,0.293,40.87,"January 13, 17",0.00293
2017-01-17,40.84,41.3,40.8,41.22,12469400.0,12469400.0,-0.38,-0.93,41.10667,"January 17, 17",-0.0093
2017-01-18,41.25,41.38,41.14,41.29,10390500.0,10390500.0,-0.04,-0.097,41.27,"January 18, 17",-0.00097
2017-01-19,41.14,41.29,41.03,41.14,10987100.0,10987100.0,0.0,0.0,41.15333,"January 19, 17",0.0
2017-01-20,41.27,41.44,41.13,41.32,14695400.0,14695400.0,-0.05,-0.121,41.29667,"January 20, 17",-0.00121
2017-01-23,41.31,41.5,41.21,41.43,11628900.0,11628900.0,-0.12,-0.29,41.38,"January 23, 17",-0.0029
2017-01-24,41.47,41.97,41.47,41.9,17040100.0,17040100.0,-0.43,-1.037,41.78,"January 24, 17",-0.01037
2017-01-25,41.94,42.25,41.9,42.12,12538200.0,12538200.0,-0.18,-0.429,42.09,"January 25, 17",-0.00429
2017-01-26,42.03,42.11,41.79,41.81,8976800.0,8976800.0,0.22,0.523,41.90333,"January 26, 17",0.00523
2017-01-27,41.91,41.95,41.42,41.45,12967400.0,12967400.0,0.46,1.098,41.60667,"January 27, 17",0.01098
2017-01-30,41.3,41.48,41.21,41.38,11626200.0,11626200.0,-0.08,-0.194,41.35667,"January 30, 17",-0.00194
2017-01-31,41.39,41.69,41.36,41.57,12678000.0,12678000.0,-0.18,-0.435,41.54,"January 31, 17",-0.00435
2017-02-01,41.52,41.66,41.25,41.26,11136100.0,11136100.0,0.26,0.626,41.39,"February 01, 17",0.00626
2017-02-02,41.41,41.49,41.25,41.4,9459700.0,9459700.0,0.01,0.024,41.38,"February 02, 17",0.00024
2017-02-03,41.58,41.79,41.46,41.54,11882400.0,11882400.0,0.04,0.096,41.59667,"February 03, 17",0.00096
2017-02-06,41.53,41.67,41.4,41.56,15742800.0,15742800.0,-0.03,-0.072,41.54333,"February 06, 17",-0.00072
2017-02-07,41.7,41.98,41.67,41.9,13315200.0,13315200.0,-0.2,-0.48,41.85,"February 07, 17",-0.0048
2017-02-08,41.91,42.15,41.84,42.02,14219700.0,14219700.0,-0.11,-0.262,42.00333,"February 08, 17",-0.00262
2017-02-09,42.02,42.02,40.72,41.25,27240300.0,27240300.0,0.77,1.832,41.33,"February 09, 17",0.01832
2017-02-10,41.02,41.2,40.55,40.58,28847300.0,28847300.0,0.44,1.073,40.77667,"February 10, 17",0.01073
2017-02-13,40.77,40.83,40.5,40.62,23617100.0,23617100.0,0.15,0.368,40.65,"February 13, 17",0.00368
2017-02-14,40.38,40.6,40.22,40.53,32177800.0,32177800.0,-0.15,-0.371,40.45,"February 14, 17",-0.00371
2017-02-15,40.42,40.63,40.4,40.44,26600800.0,26600800.0,-0.02,-0.049,40.49,"February 15, 17",-0.00049
2017-02-16,40.55,41.28,40.5,41.2,22214800.0,22214800.0,-0.65,-1.603,40.99333,"February 16, 17",-0.01603
2017-02-17,41.13,41.36,41.05,41.23,15065100.0,15065100.0,-0.1,-0.243,41.21333,"February 17, 17",-0.00243
2017-02-21,41.2,41.5,41.2,41.46,17072600.0,17072600.0,-0.26,-0.631,41.38667,"February 21, 17",-0.00631
2017-02-22,41.51,41.68,41.4,41.6,11186800.0,11186800.0,-0.09,-0.217,41.56,"February 22, 17",-0.00217
2017-02-23,41.67,42.0,41.62,41.66,12856800.0,12856800.0,0.01,0.024,41.76,"February 23, 17",0.00024
2017-02-24,41.7,41.91,41.6,41.78,13215300.0,13215300.0,-0.08,-0.192,41.76333,"February 24, 17",-0.00192
2017-02-27,41.75,41.75,41.59,41.67,12186400.0,12186400.0,0.08,0.192,41.67,"February 27, 17",0.00192
2017-02-28,41.68,42.07,41.64,41.96,15946800.0,15946800.0,-0.28,-0.672,41.89,"February 28, 17",-0.00672
2017-03-01,42.01,42.35,41.88,42.16,14662000.0,14662000.0,-0.15,-0.357,42.13,"March 01, 17",-0.00357
2017-03-02,42.08,42.56,42.07,42.47,15507600.0,15507600.0,-0.39,-0.927,42.36667,"March 02, 17",-0.00927
2017-03-03,42.47,42.49,42.25,42.48,11740000.0,11740000.0,-0.01,-0.024,42.40667,"March 03, 17",-0.00024
2017-03-06,42.34,42.43,42.12,42.18,16307800.0,16307800.0,0.16,0.378,42.24333,"March 06, 17",0.00378
2017-03-07,42.0,42.24,41.95,41.99,11273700.0,11273700.0,0.01,0.024,42.06,"March 07, 17",0.00024
2017-03-08,42.0,42.03,41.74,41.99,14636000.0,14636000.0,0.01,0.024,41.92,"March 08, 17",0.00024
2017-03-09,42.09,42.11,41.92,42.03,14496400.0,14496400.0,0.06,0.143,42.02,"March 09, 17",0.00143
2017-03-10,42.23,42.4,42.15,42.29,16369700.0,16369700.0,-0.06,-0.142,42.28,"March 10, 17",-0.00142
2017-03-13,41.92,42.12,41.84,42.03,12831500.0,12831500.0,-0.11,-0.262,41.99667,"March 13, 17",-0.00262
2017-03-14,41.98,42.1,41.83,41.97,9844500.0,9844500.0,0.01,0.024,41.96667,"March 14, 17",0.00024
2017-03-15,41.98,42.28,41.97,42.12,22757800.0,22757800.0,-0.14,-0.333,42.12333,"March 15, 17",-0.00333
2017-03-16,42.03,42.39,41.9,42.25,16004200.0,16004200.0,-0.22,-0.523,42.18,"March 16, 17",-0.00523
2017-03-17,42.28,42.35,42.01,42.03,37526500.0,37526500.0,0.25,0.591,42.13,"March 17, 17",0.00591
2017-03-20,42.1,42.34,42.07,42.18,11484200.0,11484200.0,-0.08,-0.19,42.19667,"March 20, 17",-0.0019
2017-03-21,42.31,42.63,42.21,42.5,17187300.0,17187300.0,-0.19,-0.449,42.44667,"March 21, 17",-0.00449
2017-03-22,42.56,42.7,42.25,42.38,11605500.0,11605500.0,0.18,0.423,42.44333,"March 22, 17",0.00423
2017-03-23,42.21,42.39,42.06,42.17,11503300.0,11503300.0,0.04,0.095,42.20667,"March 23, 17",0.00095
2017-03-24,42.23,42.25,41.91,42.12,13804400.0,13804400.0,0.11,0.26,42.09333,"March 24, 17",0.0026
2017-03-27,42.11,42.34,42.05,42.32,12387400.0,12387400.0,-0.21,-0.499,42.23667,"March 27, 17",-0.00499
2017-03-28,42.24,42.56,42.24,42.43,14123800.0,14123800.0,-0.19,-0.45,42.41,"March 28, 17",-0.0045
2017-03-29,42.51,42.53,42.29,42.42,9580100.0,9580100.0,0.09,0.212,42.41333,"March 29, 17",0.00212
2017-03-30,42.35,42.62,42.26,42.6,11999900.0,11999900.0,-0.25,-0.59,42.49333,"March 30, 17",-0.0059
2017-03-31,42.55,42.65,42.43,42.44,11551800.0,11551800.0,0.11,0.259,42.50667,"March 31, 17",0.00259
2017-04-03,42.58,42.63,42.27,42.41,11240000.0,11240000.0,0.17,0.399,42.43667,"April 03, 17",0.00399
2017-04-04,42.51,42.69,42.37,42.68,10946200.0,10946200.0,-0.17,-0.4,42.58,"April 04, 17",-0.004
2017-04-05,42.65,42.86,42.53,42.57,10142800.0,10142800.0,0.08,0.188,42.65333,"April 05, 17",0.00188
2017-04-06,42.58,42.76,42.47,42.67,14597800.0,14597800.0,-0.09,-0.211,42.63333,"April 06, 17",-0.00211
2017-04-07,42.64,42.74,42.51,42.61,11028800.0,11028800.0,0.03,0.07,42.62,"April 07, 17",0.0007
2017-04-10,42.73,42.8,42.56,42.69,9426900.0,9426900.0,0.04,0.094,42.68333,"April 10, 17",0.00094
2017-04-11,42.68,42.75,42.52,42.66,8909400.0,8909400.0,0.02,0.047,42.64333,"April 11, 17",0.00047
2017-04-12,42.54,42.99,42.51,42.94,13417200.0,13417200.0,-0.4,-0.94,42.81333,"April 12, 17",-0.0094
2017-04-13,42.87,43.08,42.78,42.79,9891900.0,9891900.0,0.08,0.187,42.88333,"April 13, 17",0.00187
2017-04-17,42.79,43.07,42.78,43.07,11318100.0,11318100.0,-0.28,-0.654,42.97333,"April 17, 17",-0.00654
2017-04-18,43.11,43.59,43.09,43.48,13181600.0,13181600.0,-0.37,-0.858,43.38667,"April 18, 17",-0.00858
2017-04-19,43.74,43.79,43.19,43.23,13893100.0,13893100.0,0.51,1.166,43.40333,"April 19, 17",0.01166
2017-04-20,43.2,43.3,43.05,43.09,10838300.0,10838300.0,0.11,0.255,43.14667,"April 20, 17",0.00255
2017-04-21,42.98,43.1,42.89,43.07,13833800.0,13833800.0,-0.09,-0.209,43.02,"April 21, 17",-0.00209
2017-04-24,43.24,43.43,43.15,43.28,16703800.0,16703800.0,-0.04,-0.093,43.28667,"April 24, 17",-0.00093
2017-04-25,42.85,43.43,42.82,43.11,18745100.0,18745100.0,-0.26,-0.607,43.12,"April 25, 17",-0.00607
2017-04-26,43.06,43.43,42.98,43.24,13626600.0,13626600.0,-0.18,-0.418,43.21667,"April 26, 17",-0.00418
2017-04-27,43.17,43.28,42.92,43.01,10386200.0,10386200.0,0.16,0.371,43.07,"April 27, 17",0.00371
2017-04-28,42.96,43.2,42.85,43.15,10337800.0,10337800.0,-0.19,-0.442,43.06667,"April 28, 17",-0.00442
2017-05-01,43.15,43.5,43.1,43.22,13208200.0,13208200.0,-0.07,-0.162,43.27333,"May 01, 17",-0.00162
2017-05-02,43.22,43.44,43.16,43.39,11823900.0,11823900.0,-0.17,-0.393,43.33,"May 02, 17",-0.00393
2017-05-03,43.33,43.49,43.15,43.32,10389000.0,10389000.0,0.01,0.023,43.32,"May 03, 17",0.00023
2017-05-04,43.42,43.81,43.4,43.66,10193100.0,10193100.0,-0.24,-0.553,43.62333,"May 04, 17",-0.00553
2017-05-05,43.79,43.84,43.56,43.69,8133000.0,8133000.0,0.1,0.228,43.69667,"May 05, 17",0.00228
2017-05-08,43.59,43.91,43.54,43.89,14284300.0,14284300.0,-0.3,-0.688,43.78,"May 08, 17",-0.00688
2017-05-09,43.89,43.89,43.38,43.51,8694400.0,8694400.0,0.38,0.866,43.59333,"May 09, 17",0.00866
2017-05-10,43.48,43.62,43.36,43.57,7597700.0,7597700.0,-0.09,-0.207,43.51667,"May 10, 17",-0.00207
2017-05-11,43.49,43.68,43.43,43.67,6860100.0,6860100.0,-0.18,-0.414,43.59333,"May 11, 17",-0.00414
2017-05-12,43.64,43.68,43.46,43.59,7275800.0,7275800.0,0.05,0.115,43.57667,"May 12, 17",0.00115
2017-05-15,43.46,43.76,43.46,43.73,8493000.0,8493000.0,-0.27,-0.621,43.65,"May 15, 17",-0.00621
2017-05-16,43.87,44.11,43.77,43.85,10454100.0,10454100.0,0.02,0.046,43.91,"May 16, 17",0.00046
2017-05-17,43.85,44.17,43.71,43.93,14538800.0,14538800.0,-0.08,-0.182,43.93667,"May 17, 17",-0.00182
2017-05-18,43.87,43.96,43.64,43.8,13832200.0,13832200.0,0.07,0.16,43.8,"May 18, 17",0.0016
2017-05-19,43.85,44.0,43.76,43.9,11796800.0,11796800.0,-0.05,-0.114,43.88667,"May 19, 17",-0.00114
2017-05-22,43.89,44.22,43.81,44.18,12857900.0,12857900.0,-0.29,-0.661,44.07,"May 22, 17",-0.00661
2017-05-23,44.25,44.6,44.21,44.39,11996100.0,11996100.0,-0.14,-0.316,44.4,"May 23, 17",-0.00316
2017-05-24,44.51,45.09,44.51,45.03,12738300.0,12738300.0,-0.52,-1.168,44.87667,"May 24, 17",-0.01168
2017-05-25,45.0,45.48,44.97,45.41,16704200.0,16704200.0,-0.41,-0.911,45.28667,"May 25, 17",-0.00911
2017-05-26,45.35,45.56,45.33,45.39,11341400.0,11341400.0,-0.04,-0.088,45.42667,"May 26, 17",-0.00088
2017-05-30,45.16,45.46,45.11,45.43,13093500.0,13093500.0,-0.27,-0.598,45.33333,"May 30, 17",-0.00598
2017-05-31,45.43,45.7,45.37,45.47,14148000.0,14148000.0,-0.04,-0.088,45.51333,"May 31, 17",-0.00088
2017-06-01,45.45,45.79,45.23,45.79,11049300.0,11049300.0,-0.34,-0.748,45.60333,"June 01, 17",-0.00748
2017-06-02,45.83,45.89,45.61,45.89,9923700.0,9923700.0,-0.06,-0.131,45.79667,"June 02, 17",-0.00131
2017-06-05,45.78,45.99,45.69,45.99,10015200.0,10015200.0,-0.21,-0.459,45.89,"June 05, 17",-0.00459
2017-06-06,45.9,46.06,45.78,45.98,9836700.0,9836700.0,-0.08,-0.174,45.94,"June 06, 17",-0.00174
2017-06-07,45.5,45.7,45.35,45.51,12776300.0,12776300.0,-0.01,-0.022,45.52,"June 07, 17",-0.00022
2017-06-08,45.51,45.51,45.03,45.13,12879000.0,12879000.0,0.38,0.835,45.22333,"June 08, 17",0.00835
2017-06-09,45.06,45.35,44.97,45.32,9358800.0,9358800.0,-0.26,-0.577,45.21333,"June 09, 17",-0.00577
2017-06-12,45.32,45.48,45.2,45.33,11228500.0,11228500.0,-0.01,-0.022,45.33667,"June 12, 17",-0.00022
2017-06-13,45.0,45.11,44.8,45.03,10023400.0,10023400.0,-0.03,-0.067,44.98,"June 13, 17",-0.00067
2017-06-14,45.18,45.47,45.16,45.3,11497500.0,11497500.0,-0.12,-0.266,45.31,"June 14, 17",-0.00266
2017-06-15,45.18,45.34,45.04,45.25,9908700.0,9908700.0,-0.07,-0.155,45.21,"June 15, 17",-0.00155
2017-06-16,45.31,45.35,45.01,45.31,27025300.0,27025300.0,0.0,0.0,45.22333,"June 16, 17",0.0
2017-06-19,45.35,45.38,45.1,45.38,7624700.0,7624700.0,-0.03,-0.066,45.28667,"June 19, 17",-0.00066
2017-06-20,45.35,45.87,45.32,45.61,14920900.0,14920900.0,-0.26,-0.573,45.6,"June 20, 17",-0.00573
2017-06-21,45.62,45.68,45.17,45.22,9515800.0,9515800.0,0.4,0.877,45.35667,"June 21, 17",0.00877
2017-06-22,45.17,45.28,45.03,45.07,7446300.0,7446300.0,0.1,0.221,45.12667,"June 22, 17",0.00221
2017-06-23,45.05,45.38,45.03,45.25,9544800.0,9544800.0,-0.2,-0.444,45.22,"June 23, 17",-0.00444
2017-06-26,45.32,45.51,45.3,45.43,7747100.0,7747100.0,-0.11,-0.243,45.41333,"June 26, 17",-0.00243
2017-06-27,45.34,45.4,45.0,45.05,11432200.0,11432200.0,0.29,0.64,45.15,"June 27, 17",0.0064
2017-06-28,45.25,45.5,45.23,45.32,9218800.0,9218800.0,-0.07,-0.155,45.35,"June 28, 17",-0.00155
2017-06-29,45.13,45.24,44.65,44.83,9283500.0,9283500.0,0.3,0.665,44.90667,"June 29, 17",0.00665
2017-06-30,44.89,45.12,44.85,44.85,9352800.0,9352800.0,0.04,0.089,44.94,"June 30, 17",0.00089
2017-07-03,45.11,45.27,44.76,44.76,6434500.0,6434500.0,0.35,0.776,44.93,"July 03, 17",0.00776
2017-07-05,44.79,44.99,44.73,44.82,6853600.0,6853600.0,-0.03,-0.067,44.84667,"July 05, 17",-0.00067
2017-07-06,44.72,44.85,44.29,44.4,13113000.0,13113000.0,0.32,0.716,44.51333,"July 06, 17",0.00716
2017-07-07,44.47,44.52,44.24,44.39,9566000.0,9566000.0,0.08,0.18,44.38333,"July 07, 17",0.0018
2017-07-10,44.45,44.58,44.23,44.38,9672000.0,9672000.0,0.07,0.157,44.39667,"July 10, 17",0.00157
2017-07-11,44.32,44.48,44.15,44.33,10300700.0,10300700.0,-0.01,-0.023,44.32,"July 11, 17",-0.00023
2017-07-12,44.59,44.77,44.44,44.51,7737400.0,7737400.0,0.08,0.179,44.57333,"July 12, 17",0.00179
2017-07-13,44.49,44.53,44.37,44.43,6371900.0,6371900.0,0.06,0.135,44.44333,"July 13, 17",0.00135
2017-07-14,44.52,44.72,44.5,44.68,8558700.0,8558700.0,-0.16,-0.359,44.63333,"July 14, 17",-0.00359
2017-07-17,44.66,44.79,44.61,44.73,7189200.0,7189200.0,-0.07,-0.157,44.71,"July 17, 17",-0.00157
2017-07-18,44.78,44.85,44.62,44.67,9037200.0,9037200.0,0.11,0.246,44.71333,"July 18, 17",0.00246
2017-07-19,44.67,44.84,44.55,44.83,6986900.0,6986900.0,-0.16,-0.358,44.74,"July 19, 17",-0.00358
2017-07-20,44.9,44.98,44.75,44.82,7430300.0,7430300.0,0.08,0.178,44.85,"July 20, 17",0.00178
2017-07-21,44.78,45.07,44.67,45.03,8545600.0,8545600.0,-0.25,-0.558,44.92333,"July 21, 17",-0.00558
2017-07-24,45.04,45.05,44.83,44.84,9103600.0,9103600.0,0.2,0.444,44.90667,"July 24, 17",0.00444
2017-07-25,45.02,45.29,44.94,45.24,14096300.0,14096300.0,-0.22,-0.489,45.15667,"July 25, 17",-0.00489
2017-07-26,44.55,45.79,44.31,45.74,13608900.0,13608900.0,-1.19,-2.671,45.28,"July 26, 17",-0.02671
2017-07-27,45.8,46.43,45.7,46.12,15195200.0,15195200.0,-0.32,-0.699,46.08333,"July 27, 17",-0.00699
2017-07-28,46.0,46.12,45.73,46.01,11945300.0,11945300.0,-0.01,-0.022,45.95333,"July 28, 17",-0.00022
2017-07-31,46.0,46.08,45.79,45.84,13622900.0,13622900.0,0.16,0.348,45.90333,"July 31, 17",0.00348
2017-08-01,45.97,46.06,45.65,45.7,10306800.0,10306800.0,0.27,0.587,45.80333,"August 01, 17",0.00587
2017-08-02,45.6,46.0,45.38,45.59,10187900.0,10187900.0,0.01,0.022,45.65667,"August 02, 17",0.00022
2017-08-03,45.65,45.95,45.63,45.67,14261400.0,14261400.0,-0.02,-0.044,45.75,"August 03, 17",-0.00044
2017-08-04,45.67,45.76,45.47,45.5,9523600.0,9523600.0,0.17,0.372,45.57667,"August 04, 17",0.00372
2017-08-07,45.52,45.76,45.5,45.64,6226300.0,6226300.0,-0.12,-0.264,45.63333,"August 07, 17",-0.00264
2017-08-08,45.64,45.82,45.55,45.6,5747900.0,5747900.0,0.04,0.088,45.65667,"August 08, 17",0.00088
2017-08-09,45.56,45.66,45.33,45.59,9635300.0,9635300.0,-0.03,-0.066,45.52667,"August 09, 17",-0.00066
2017-08-10,45.56,45.84,45.46,45.74,8901600.0,8901600.0,-0.18,-0.395,45.68,"August 10, 17",-0.00395
2017-08-11,45.86,45.9,45.57,45.59,8357600.0,8357600.0,0.27,0.589,45.68667,"August 11, 17",0.00589
2017-08-14,45.67,45.94,45.62,45.8,8421200.0,8421200.0,-0.13,-0.285,45.78667,"August 14, 17",-0.00285
2017-08-15,45.8,46.25,45.8,46.19,9638100.0,9638100.0,-0.39,-0.852,46.08,"August 15, 17",-0.00852
2017-08-16,46.15,46.34,46.12,46.2,8087300.0,8087300.0,-0.05,-0.108,46.22,"August 16, 17",-0.00108
2017-08-17,46.12,46.33,45.85,45.86,8477000.0,8477000.0,0.26,0.564,46.01333,"August 17, 17",0.00564
2017-08-18,45.8,45.9,45.63,45.67,10879800.0,10879800.0,0.13,0.284,45.73333,"August 18, 17",0.00284
2017-08-21,45.67,45.8,45.56,45.68,9429700.0,9429700.0,-0.01,-0.022,45.68,"August 21, 17",-0.00022
2017-08-22,45.7,45.75,45.54,45.6,10536700.0,10536700.0,0.1,0.219,45.63,"August 22, 17",0.00219
2017-08-23,45.63,45.66,45.44,45.54,6528400.0,6528400.0,0.09,0.197,45.54667,"August 23, 17",0.00197
2017-08-24,45.54,45.61,45.31,45.41,7534400.0,7534400.0,0.13,0.285,45.44333,"August 24, 17",0.00285
2017-08-25,45.6,45.76,45.56,45.57,8807100.0,8807100.0,0.03,0.066,45.63,"August 25, 17",0.00066
2017-08-28,45.63,45.69,45.38,45.42,8024000.0,8024000.0,0.21,0.46,45.49667,"August 28, 17",0.0046
2017-08-29,45.4,45.57,45.25,45.45,7762200.0,7762200.0,-0.05,-0.11,45.42333,"August 29, 17",-0.0011
2017-08-30,45.36,45.54,45.29,45.39,7134900.0,7134900.0,-0.03,-0.066,45.40667,"August 30, 17",-0.00066
2017-08-31,45.4,45.65,45.34,45.55,14264600.0,14264600.0,-0.15,-0.33,45.51333,"August 31, 17",-0.0033
2017-09-01,45.64,45.8,45.54,45.78,7391200.0,7391200.0,-0.14,-0.307,45.70667,"September 01, 17",-0.00307
2017-09-05,45.75,45.93,45.65,45.92,9916700.0,9916700.0,-0.17,-0.372,45.83333,"September 05, 17",-0.00372
2017-09-06,45.98,46.04,45.79,45.96,9238900.0,9238900.0,0.02,0.043,45.93,"September 06, 17",0.00043
2017-09-07,46.01,46.32,45.96,46.28,9418400.0,9418400.0,-0.27,-0.587,46.18667,"September 07, 17",-0.00587
2017-09-08,46.19,46.37,46.02,46.3,10534900.0,10534900.0,-0.11,-0.238,46.23,"September 08, 17",-0.00238
2017-09-11,46.35,46.59,46.22,46.52,10430300.0,10430300.0,-0.17,-0.367,46.44333,"September 11, 17",-0.00367
2017-09-12,46.5,46.75,46.45,46.72,8567600.0,8567600.0,-0.22,-0.473,46.64,"September 12, 17",-0.00473
2017-09-13,46.68,46.98,46.65,46.87,10218000.0,10218000.0,-0.19,-0.407,46.83333,"September 13, 17",-0.00407
2017-09-14,46.4,46.47,45.94,46.11,13768800.0,13768800.0,0.29,0.625,46.17333,"September 14, 17",0.00625
2017-09-15,46.3,46.36,46.0,46.18,16141400.0,16141400.0,0.12,0.259,46.18,"September 15, 17",0.00259
2017-09-18,46.15,46.24,45.91,46.11,8535300.0,8535300.0,0.04,0.087,46.08667,"September 18, 17",0.00087
2017-09-19,46.14,46.19,45.89,45.98,7297900.0,7297900.0,0.16,0.347,46.02,"September 19, 17",0.00347
2017-09-20,45.76,46.15,45.55,45.78,11026600.0,11026600.0,-0.02,-0.044,45.82667,"September 20, 17",-0.00044
2017-09-21,45.71,45.79,45.36,45.4,7555300.0,7555300.0,0.31,0.678,45.51667,"September 21, 17",0.00678
2017-09-22,45.45,45.63,45.37,45.49,8024800.0,8024800.0,-0.04,-0.088,45.49667,"September 22, 17",-0.00088
2017-09-25,45.5,45.76,45.35,45.69,9215300.0,9215300.0,-0.19,-0.418,45.6,"September 25, 17",-0.00418
2017-09-26,45.69,45.87,45.56,45.57,6480100.0,6480100.0,0.12,0.263,45.66667,"September 26, 17",0.00263
2017-09-27,45.47,45.5,44.38,44.64,14816200.0,14816200.0,0.83,1.825,44.84,"September 27, 17",0.01825
2017-09-28,44.67,45.0,44.65,44.91,8789500.0,8789500.0,-0.24,-0.537,44.85333,"September 28, 17",-0.00537
2017-09-29,44.86,45.11,44.79,45.01,10082200.0,10082200.0,-0.15,-0.334,44.97,"September 29, 17",-0.00334
2017-10-02,45.05,45.27,44.75,44.8,10707800.0,10707800.0,0.25,0.555,44.94,"October 02, 17",0.00555
2017-10-03,44.86,45.26,44.76,45.19,12038100.0,12038100.0,-0.33,-0.736,45.07,"October 03, 17",-0.00736
2017-10-04,45.11,45.56,44.94,45.5,14060300.0,14060300.0,-0.39,-0.865,45.33333,"October 04, 17",-0.00865
2017-10-05,45.51,45.75,45.5,45.52,10215300.0,10215300.0,-0.01,-0.022,45.59,"October 05, 17",-0.00022
2017-10-06,45.39,45.52,45.28,45.49,5437900.0,5437900.0,-0.1,-0.22,45.43,"October 06, 17",-0.0022
2017-10-09,45.55,45.65,45.34,45.41,5268300.0,5268300.0,0.14,0.307,45.46667,"October 09, 17",0.00307
2017-10-10,45.6,45.9,45.53,45.87,6310400.0,6310400.0,-0.27,-0.592,45.76667,"October 10, 17",-0.00592
2017-10-11,45.88,46.1,45.87,46.1,6638200.0,6638200.0,-0.22,-0.48,46.02333,"October 11, 17",-0.0048
2017-10-12,45.98,46.14,45.94,46.11,7710200.0,7710200.0,-0.13,-0.283,46.06333,"October 12, 17",-0.00283
2017-10-13,46.25,46.38,46.15,46.18,7126000.0,7126000.0,0.07,0.151,46.23667,"October 13, 17",0.00151
2017-10-16,46.12,46.75,46.1,46.62,12708600.0,12708600.0,-0.5,-1.084,46.49,"October 16, 17",-0.01084
2017-10-17,46.53,46.63,46.31,46.52,7699400.0,7699400.0,0.01,0.021,46.48667,"October 17, 17",0.00021
2017-10-18,46.41,46.54,46.24,46.4,6272200.0,6272200.0,0.01,0.022,46.39333,"October 18, 17",0.00022
2017-10-19,46.37,46.79,46.32,46.59,7515500.0,7515500.0,-0.22,-0.474,46.56667,"October 19, 17",-0.00474
2017-10-20,46.58,46.59,46.28,46.38,9646800.0,9646800.0,0.2,0.429,46.41667,"October 20, 17",0.00429
2017-10-23,46.38,46.65,46.23,46.32,7153600.0,7153600.0,0.06,0.129,46.4,"October 23, 17",0.00129
2017-10-24,46.26,46.29,45.95,46.18,9539500.0,9539500.0,0.08,0.173,46.14,"October 24, 17",0.00173
2017-10-25,46.37,46.76,45.93,46.05,11994200.0,11994200.0,0.32,0.69,46.24667,"October 25, 17",0.0069
2017-10-26,46.32,46.75,46.22,46.23,10569100.0,10569100.0,0.09,0.194,46.4,"October 26, 17",0.00194
2017-10-27,46.13,46.33,45.91,46.07,9988000.0,9988000.0,0.06,0.13,46.10333,"October 27, 17",0.0013
2017-10-30,46.0,46.07,45.82,45.86,7201900.0,7201900.0,0.14,0.304,45.91667,"October 30, 17",0.00304
2017-10-31,45.92,46.17,45.84,45.98,6560500.0,6560500.0,-0.06,-0.131,45.99667,"October 31, 17",-0.00131
2017-11-01,45.75,46.09,45.63,45.8,7067600.0,7067600.0,-0.05,-0.109,45.84,"November 01, 17",-0.00109
2017-11-02,45.81,45.95,45.75,45.88,8317800.0,8317800.0,-0.07,-0.153,45.86,"November 02, 17",-0.00153
2017-11-03,45.97,46.16,45.92,45.97,4730400.0,4730400.0,0.0,0.0,46.01667,"November 03, 17",0.0
2017-11-06,45.91,45.92,45.42,45.47,7451300.0,7451300.0,0.44,0.958,45.60333,"November 06, 17",0.00958
2017-11-07,45.41,45.95,45.31,45.94,9868000.0,9868000.0,-0.53,-1.167,45.73333,"November 07, 17",-0.01167
2017-11-08,45.98,46.19,45.87,46.18,7586900.0,7586900.0,-0.2,-0.435,46.08,"November 08, 17",-0.00435
2017-11-09,46.12,46.39,46.02,46.23,6532400.0,6532400.0,-0.11,-0.239,46.21333,"November 09, 17",-0.00239
2017-11-10,46.2,46.64,46.14,46.54,8022900.0,8022900.0,-0.34,-0.736,46.44,"November 10, 17",-0.00736
2017-11-13,46.6,46.82,46.54,46.72,7653600.0,7653600.0,-0.12,-0.258,46.69333,"November 13, 17",-0.00258
2017-11-14,46.71,47.48,46.62,47.43,17200700.0,17200700.0,-0.72,-1.541,47.17667,"November 14, 17",-0.01541
2017-11-15,47.32,47.46,46.78,46.81,12419100.0,12419100.0,0.51,1.078,47.01667,"November 15, 17",0.01078
2017-11-16,46.95,46.98,46.51,46.55,12506400.0,12506400.0,0.4,0.852,46.68,"November 16, 17",0.00852
2017-11-17,46.34,46.38,45.25,45.71,19720700.0,19720700.0,0.63,1.36,45.78,"November 17, 17",0.0136
2017-11-20,45.65,45.88,45.42,45.46,19160900.0,19160900.0,0.19,0.416,45.58667,"November 20, 17",0.00416
2017-11-21,45.56,45.95,45.54,45.78,10280800.0,10280800.0,-0.22,-0.483,45.75667,"November 21, 17",-0.00483
2017-11-22,45.89,45.93,45.54,45.84,8434400.0,8434400.0,0.05,0.109,45.77,"November 22, 17",0.00109
2017-11-24,45.89,46.05,45.86,45.88,2996300.0,2996300.0,0.01,0.022,45.93,"November 24, 17",0.00022
2017-11-27,45.88,45.99,45.81,45.9,5649200.0,5649200.0,-0.02,-0.044,45.9,"November 27, 17",-0.00044
2017-11-28,45.99,46.15,45.78,45.83,8432800.0,8432800.0,0.16,0.348,45.92,"November 28, 17",0.00348
2017-11-29,45.77,45.82,45.21,45.5,16502100.0,16502100.0,0.27,0.59,45.51,"November 29, 17",0.0059
2017-11-30,45.14,45.84,45.03,45.77,17147600.0,17147600.0,-0.63,-1.396,45.54667,"November 30, 17",-0.01396
2017-12-01,45.8,46.02,45.21,45.97,12468800.0,12468800.0,-0.17,-0.371,45.73333,"December 01, 17",-0.00371
2017-12-04,45.99,46.38,45.77,46.23,17523600.0,17523600.0,-0.24,-0.522,46.12667,"December 04, 17",-0.00522
2017-12-05,46.25,46.44,46.06,46.26,13670800.0,13670800.0,-0.01,-0.022,46.25333,"December 05, 17",-0.00022
2017-12-06,46.36,46.48,46.26,46.45,8154000.0,8154000.0,-0.09,-0.194,46.39667,"December 06, 17",-0.00194
2017-12-07,46.29,46.32,45.72,45.78,9106500.0,9106500.0,0.51,1.102,45.94,"December 07, 17",0.01102
2017-12-08,45.7,45.73,45.05,45.31,13238600.0,13238600.0,0.39,0.853,45.36333,"December 08, 17",0.00853
2017-12-11,45.31,45.41,44.92,45.33,9698700.0,9698700.0,-0.02,-0.044,45.22,"December 11, 17",-0.00044
2017-12-12,45.25,45.52,45.06,45.29,13999300.0,13999300.0,-0.04,-0.088,45.29,"December 12, 17",-0.00088
2017-12-13,45.45,46.05,45.4,45.9,12418700.0,12418700.0,-0.45,-0.99,45.78333,"December 13, 17",-0.0099
2017-12-14,45.81,46.17,45.8,46.03,9029000.0,9029000.0,-0.22,-0.48,46.0,"December 14, 17",-0.0048
2017-12-15,46.29,46.42,46.04,46.19,21181600.0,21181600.0,0.1,0.216,46.21667,"December 15, 17",0.00216
2017-12-18,46.2,46.38,45.91,45.93,10156800.0,10156800.0,0.27,0.584,46.07333,"December 18, 17",0.00584
2017-12-19,46.04,46.38,45.91,46.13,8253200.0,8253200.0,-0.09,-0.195,46.14,"December 19, 17",-0.00195
2017-12-20,46.21,46.3,45.96,46.08,7311000.0,7311000.0,0.13,0.281,46.11333,"December 20, 17",0.00281
2017-12-21,46.14,46.22,45.56,45.6,9657100.0,9657100.0,0.54,1.17,45.79333,"December 21, 17",0.0117
2017-12-22,45.69,45.73,45.55,45.59,5406300.0,5406300.0,0.1,0.219,45.62333,"December 22, 17",0.00219
2017-12-26,45.7,45.86,45.61,45.81,6100400.0,6100400.0,-0.11,-0.241,45.76,"December 26, 17",-0.00241
2017-12-27,45.9,45.94,45.72,45.93,5660600.0,5660600.0,-0.03,-0.065,45.86333,"December 27, 17",-0.00065
2017-12-28,45.91,45.99,45.64,45.72,6538900.0,6538900.0,0.19,0.414,45.78333,"December 28, 17",0.00414
2017-12-29,45.7,46.18,45.69,45.88,8371500.0,8371500.0,-0.18,-0.394,45.91667,"December 29, 17",-0.00394
2018-01-02,45.91,45.94,45.51,45.54,10872200.0,10872200.0,0.37,0.806,45.66333,"January 02, 18",0.00806
2018-01-03,45.49,45.69,45.34,45.44,12635600.0,12635600.0,0.05,0.11,45.49,"January 03, 18",0.0011
2018-01-04,45.56,46.22,45.45,46.08,12709400.0,12709400.0,-0.52,-1.141,45.91667,"January 04, 18",-0.01141
2018-01-05,46.02,46.2,45.79,46.07,13113100.0,13113100.0,-0.05,-0.109,46.02,"January 05, 18",-0.00109
2018-01-08,45.95,46.1,45.88,46.0,7068600.0,7068600.0,-0.05,-0.109,45.99333,"January 08, 18",-0.00109
2018-01-09,46.0,46.36,45.94,46.23,9962400.0,9962400.0,-0.23,-0.5,46.17667,"January 09, 18",-0.005
2018-01-10,46.23,46.26,45.93,46.07,10700700.0,10700700.0,0.16,0.346,46.08667,"January 10, 18",0.00346
2018-01-11,46.23,46.23,45.86,46.04,7583200.0,7583200.0,0.19,0.411,46.04333,"January 11, 18",0.00411
2018-01-12,46.28,46.39,46.03,46.15,14570100.0,14570100.0,0.13,0.281,46.19,"January 12, 18",0.00281
2018-01-16,46.15,46.62,46.14,46.53,16459300.0,16459300.0,-0.38,-0.823,46.43,"January 16, 18",-0.00823
2018-01-17,46.58,47.0,46.55,46.82,12143100.0,12143100.0,-0.24,-0.515,46.79,"January 17, 18",-0.00515
2018-01-18,46.75,47.07,46.61,46.88,11952900.0,11952900.0,-0.13,-0.278,46.85333,"January 18, 18",-0.00278
2018-01-19,46.99,47.25,46.87,47.16,16187400.0,16187400.0,-0.17,-0.362,47.09333,"January 19, 18",-0.00362
2018-01-22,47.14,47.5,47.09,47.38,9577400.0,9577400.0,-0.24,-0.509,47.32333,"January 22, 18",-0.00509
2018-01-23,47.21,47.7,47.13,47.45,11463700.0,11463700.0,-0.24,-0.508,47.42667,"January 23, 18",-0.00508
2018-01-24,47.53,47.95,47.48,47.83,15964500.0,15964500.0,-0.3,-0.631,47.75333,"January 24, 18",-0.00631
2018-01-25,47.7,48.0,47.7,47.84,11755000.0,11755000.0,-0.14,-0.294,47.84667,"January 25, 18",-0.00294
2018-01-26,47.78,48.62,47.74,48.53,16671200.0,16671200.0,-0.75,-1.57,48.29667,"January 26, 18",-0.0157
2018-01-29,48.21,48.46,47.58,47.7,11662600.0,11662600.0,0.51,1.058,47.91333,"January 29, 18",0.01058
2018-01-30,47.73,48.16,47.4,47.41,12404800.0,12404800.0,0.32,0.67,47.65667,"January 30, 18",0.0067
2018-01-31,47.45,47.9,47.37,47.59,10960100.0,10960100.0,-0.14,-0.295,47.62,"January 31, 18",-0.00295
2018-02-01,47.41,47.73,47.11,47.45,10279400.0,10279400.0,-0.04,-0.084,47.43,"February 01, 18",-0.00084
2018-02-02,47.35,47.41,46.63,46.73,12912300.0,12912300.0,0.62,1.309,46.92333,"February 02, 18",0.01309
2018-02-05,46.65,46.92,44.41,44.89,23261500.0,23261500.0,1.76,3.773,45.40667,"February 05, 18",0.03773
2018-02-06,43.87,44.74,43.44,44.67,25184300.0,25184300.0,-0.8,-1.824,44.28333,"February 06, 18",-0.01824
2018-02-07,44.58,45.5,44.28,44.56,18041600.0,18041600.0,0.02,0.045,44.78,"February 07, 18",0.00045
2018-02-08,44.62,44.62,43.07,43.1,23295300.0,23295300.0,1.52,3.407,43.59667,"February 08, 18",0.03407
2018-02-09,43.36,43.46,42.19,43.13,22853100.0,22853100.0,0.23,0.53,42.92667,"February 09, 18",0.0053
2018-02-12,43.56,44.23,43.37,43.97,14689000.0,14689000.0,-0.41,-0.941,43.85667,"February 12, 18",-0.00941
2018-02-13,43.92,44.41,43.69,44.19,13163200.0,13163200.0,-0.27,-0.615,44.09667,"February 13, 18",-0.00615
2018-02-14,44.02,44.19,43.63,44.1,13457900.0,13457900.0,-0.08,-0.182,43.97333,"February 14, 18",-0.00182
2018-02-15,44.25,44.83,44.12,44.78,13467300.0,13467300.0,-0.53,-1.198,44.57667,"February 15, 18",-0.01198
2018-02-16,45.57,45.64,44.72,44.98,17202300.0,17202300.0,0.59,1.295,45.11333,"February 16, 18",0.01295
2018-02-20,44.75,44.83,43.94,43.99,14137300.0,14137300.0,0.76,1.698,44.25333,"February 20, 18",0.01698
2018-02-21,44.11,44.26,43.33,43.34,12792900.0,12792900.0,0.77,1.746,43.64333,"February 21, 18",0.01746
2018-02-22,43.43,43.82,43.22,43.52,12377800.0,12377800.0,-0.09,-0.207,43.52,"February 22, 18",-0.00207
2018-02-23,43.58,44.06,43.42,44.04,8277200.0,8277200.0,-0.46,-1.056,43.84,"February 23, 18",-0.01056
2018-02-26,44.23,44.39,43.81,44.03,12713300.0,12713300.0,0.2,0.452,44.07667,"February 26, 18",0.00452
2018-02-27,44.15,44.31,43.62,43.62,12774400.0,12774400.0,0.53,1.2,43.85,"February 27, 18",0.012
2018-02-28,43.83,43.91,43.22,43.22,11929400.0,11929400.0,0.61,1.392,43.45,"February 28, 18",0.01392
2018-03-01,43.1,43.64,42.82,43.43,17746800.0,17746800.0,-0.33,-0.766,43.29667,"March 01, 18",-0.00766
2018-03-02,43.25,43.8,43.24,43.72,14050100.0,14050100.0,-0.47,-1.087,43.58667,"March 02, 18",-0.01087
2018-03-05,43.57,43.94,43.5,43.89,11992700.0,11992700.0,-0.32,-0.734,43.77667,"March 05, 18",-0.00734
2018-03-06,43.95,44.05,43.59,43.93,10010500.0,10010500.0,0.02,0.046,43.85667,"March 06, 18",0.00046
2018-03-07,43.59,43.92,43.47,43.82,10881700.0,10881700.0,-0.23,-0.528,43.73667,"March 07, 18",-0.00528
2018-03-08,43.9,44.46,43.8,44.45,12361100.0,12361100.0,-0.55,-1.253,44.23667,"March 08, 18",-0.01253
2018-03-09,44.57,44.82,44.39,44.82,9778600.0,9778600.0,-0.25,-0.561,44.67667,"March 09, 18",-0.00561
2018-03-12,44.95,45.09,44.33,44.53,11857700.0,11857700.0,0.42,0.934,44.65,"March 12, 18",0.00934
2018-03-13,44.67,44.83,44.4,44.57,11342100.0,11342100.0,0.1,0.224,44.6,"March 13, 18",0.00224
2018-03-14,44.38,44.43,43.73,43.78,15321200.0,15321200.0,0.6,1.352,43.98,"March 14, 18",0.01352
2018-03-15,43.88,44.0,43.55,43.67,12456700.0,12456700.0,0.21,0.479,43.74,"March 15, 18",0.00479
2018-03-16,43.7,44.02,43.45,43.46,26603300.0,26603300.0,0.24,0.549,43.64333,"March 16, 18",0.00549
2018-03-19,43.46,43.71,43.18,43.26,12380300.0,12380300.0,0.2,0.46,43.38333,"March 19, 18",0.0046
2018-03-20,43.32,43.48,43.01,43.16,13559800.0,13559800.0,0.16,0.369,43.21667,"March 20, 18",0.00369
2018-03-21,43.13,43.45,42.79,43.0,13054000.0,13054000.0,0.13,0.301,43.08,"March 21, 18",0.00301
2018-03-22,42.88,43.37,42.7,42.76,12274100.0,12274100.0,0.12,0.28,42.94333,"March 22, 18",0.0028
2018-03-23,42.82,43.16,42.29,42.33,13475200.0,13475200.0,0.49,1.144,42.59333,"March 23, 18",0.01144
2018-03-26,42.61,42.81,42.25,42.69,11276100.0,11276100.0,-0.08,-0.188,42.58333,"March 26, 18",-0.00188
2018-03-27,42.7,43.31,42.53,42.89,11627000.0,11627000.0,-0.19,-0.445,42.91,"March 27, 18",-0.00445
2018-03-28,43.0,43.7,43.0,43.32,16277400.0,16277400.0,-0.32,-0.744,43.34,"March 28, 18",-0.00744
2018-03-29,43.54,43.92,43.29,43.43,10450500.0,10450500.0,0.11,0.253,43.54667,"March 29, 18",0.00253
2018-04-02,43.44,43.5,42.47,42.67,14207900.0,14207900.0,0.77,1.773,42.88,"April 02, 18",0.01773
2018-04-03,42.98,43.54,42.84,43.38,15484600.0,15484600.0,-0.4,-0.931,43.25333,"April 03, 18",-0.00931
2018-04-04,43.14,44.4,43.11,44.24,13563300.0,13563300.0,-1.1,-2.55,43.91667,"April 04, 18",-0.0255
2018-04-05,44.28,44.61,43.94,44.4,11707800.0,11707800.0,-0.12,-0.271,44.31667,"April 05, 18",-0.00271
2018-04-06,44.28,44.52,43.71,43.92,11495100.0,11495100.0,0.36,0.813,44.05,"April 06, 18",0.00813
2018-04-09,44.03,44.31,43.78,43.83,11913400.0,11913400.0,0.2,0.454,43.97333,"April 09, 18",0.00454
2018-04-10,44.07,44.18,43.72,43.99,10379500.0,10379500.0,0.08,0.182,43.96333,"April 10, 18",0.00182
2018-04-11,43.81,44.14,43.76,43.99,8424300.0,8424300.0,-0.18,-0.411,43.96333,"April 11, 18",-0.00411
2018-04-12,44.08,44.41,43.95,44.03,8476400.0,8476400.0,0.05,0.113,44.13,"April 12, 18",0.00113
2018-04-13,44.19,44.69,44.14,44.51,10774200.0,10774200.0,-0.32,-0.724,44.44667,"April 13, 18",-0.00724
2018-04-16,44.65,44.89,44.4,44.68,8962100.0,8962100.0,-0.03,-0.067,44.65667,"April 16, 18",-0.00067
2018-04-17,44.95,45.03,44.65,44.88,8406400.0,8406400.0,0.07,0.156,44.85333,"April 17, 18",0.00156
2018-04-18,44.9,44.97,44.33,44.51,7429000.0,7429000.0,0.39,0.869,44.60333,"April 18, 18",0.00869
2018-04-19,44.34,44.47,44.02,44.31,10370400.0,10370400.0,0.03,0.068,44.26667,"April 19, 18",0.00068
2018-04-20,44.31,44.41,43.58,43.74,14690700.0,14690700.0,0.57,1.286,43.91,"April 20, 18",0.01286
2018-04-23,43.74,43.99,43.56,43.98,11878500.0,11878500.0,-0.24,-0.549,43.84333,"April 23, 18",-0.00549
2018-04-24,43.98,44.1,42.73,43.07,18523900.0,18523900.0,0.91,2.069,43.3,"April 24, 18",0.02069
2018-04-25,42.74,42.89,41.91,42.43,20774700.0,20774700.0,0.31,0.725,42.41,"April 25, 18",0.00725
2018-04-26,42.4,43.1,42.26,42.75,13561000.0,13561000.0,-0.35,-0.825,42.70333,"April 26, 18",-0.00825
2018-04-27,42.73,43.34,42.71,43.31,9777900.0,9777900.0,-0.58,-1.357,43.12,"April 27, 18",-0.01357
2018-04-30,43.5,43.69,42.97,43.21,16037700.0,16037700.0,0.29,0.667,43.29,"April 30, 18",0.00667
2018-05-01,42.96,42.99,42.18,42.59,11514200.0,11514200.0,0.37,0.861,42.58667,"May 01, 18",0.00861
2018-05-02,42.4,42.59,41.94,42.06,13736400.0,13736400.0,0.34,0.802,42.19667,"May 02, 18",0.00802
2018-05-03,42.22,42.4,41.52,41.89,18352200.0,18352200.0,0.33,0.782,41.93667,"May 03, 18",0.00782
2018-05-04,41.79,42.5,41.77,42.36,10946200.0,10946200.0,-0.57,-1.364,42.21,"May 04, 18",-0.01364
2018-05-07,42.34,42.49,41.96,42.14,9336000.0,9336000.0,0.2,0.472,42.19667,"May 07, 18",0.00472
2018-05-08,41.97,42.09,41.69,41.81,15062200.0,15062200.0,0.16,0.381,41.86333,"May 08, 18",0.00381
2018-05-09,41.97,42.23,41.67,41.78,9295200.0,9295200.0,0.19,0.453,41.89333,"May 09, 18",0.00453
2018-05-10,41.99,42.36,41.94,42.18,7924200.0,7924200.0,-0.19,-0.452,42.16,"May 10, 18",-0.00452
2018-05-11,42.24,42.47,42.04,42.14,6331900.0,6331900.0,0.1,0.237,42.21667,"May 11, 18",0.00237
2018-05-14,42.25,42.32,41.9,42.04,10715500.0,10715500.0,0.21,0.497,42.08667,"May 14, 18",0.00497
2018-05-15,41.78,41.92,41.45,41.72,16449700.0,16449700.0,0.06,0.144,41.69667,"May 15, 18",0.00144
2018-05-16,41.74,41.94,41.54,41.55,11590500.0,11590500.0,0.19,0.455,41.67667,"May 16, 18",0.00455
2018-05-17,42.01,42.35,41.87,42.3,14857400.0,14857400.0,-0.29,-0.69,42.17333,"May 17, 18",-0.0069
2018-05-18,42.3,42.38,42.08,42.18,11950200.0,11950200.0,0.12,0.284,42.21333,"May 18, 18",0.00284
2018-05-21,42.31,42.52,42.27,42.41,9110200.0,9110200.0,-0.1,-0.236,42.4,"May 21, 18",-0.00236
2018-05-22,42.5,42.6,42.21,42.25,8222900.0,8222900.0,0.25,0.588,42.35333,"May 22, 18",0.00588
2018-05-23,42.25,42.45,41.93,42.4,8971400.0,8971400.0,-0.15,-0.355,42.26,"May 23, 18",-0.00355
2018-05-24,42.4,42.47,42.19,42.32,9269600.0,9269600.0,0.08,0.189,42.32667,"May 24, 18",0.00189
2018-05-25,42.34,42.58,42.2,42.4,8806500.0,8806500.0,-0.06,-0.142,42.39333,"May 25, 18",-0.00142
2018-05-29,42.12,42.85,42.1,42.68,14826900.0,14826900.0,-0.56,-1.33,42.54333,"May 29, 18",-0.0133
2018-05-30,42.77,43.28,42.7,43.13,10114200.0,10114200.0,-0.36,-0.842,43.03667,"May 30, 18",-0.00842
2018-05-31,43.2,43.21,42.68,43.0,15571300.0,15571300.0,0.2,0.463,42.96333,"May 31, 18",0.00463
2018-06-01,43.1,43.32,43.04,43.12,10664700.0,10664700.0,-0.02,-0.046,43.16,"June 01, 18",-0.00046
2018-06-04,43.36,43.59,43.29,43.49,11727600.0,11727600.0,-0.13,-0.3,43.45667,"June 04, 18",-0.003
2018-06-05,43.5,43.54,43.1,43.11,9975900.0,9975900.0,0.39,0.897,43.25,"June 05, 18",0.00897
2018-06-06,43.06,43.46,43.04,43.46,9202900.0,9202900.0,-0.4,-0.929,43.32,"June 06, 18",-0.00929
2018-06-07,43.33,43.73,43.33,43.44,11948100.0,11948100.0,-0.11,-0.254,43.5,"June 07, 18",-0.00254
2018-06-08,43.57,44.0,43.56,43.95,12078800.0,12078800.0,-0.38,-0.872,43.83667,"June 08, 18",-0.00872
2018-06-11,43.95,44.25,43.89,44.13,7526100.0,7526100.0,-0.18,-0.41,44.09,"June 11, 18",-0.0041
2018-06-12,44.13,44.42,44.08,44.41,8243300.0,8243300.0,-0.28,-0.634,44.30333,"June 12, 18",-0.00634
2018-06-13,44.35,44.52,44.15,44.18,16745000.0,16745000.0,0.17,0.383,44.28333,"June 13, 18",0.00383
2018-06-14,43.75,43.85,43.52,43.58,12696200.0,12696200.0,0.17,0.389,43.65,"June 14, 18",0.00389
2018-06-15,43.56,44.15,43.45,44.12,21562500.0,21562500.0,-0.56,-1.286,43.90667,"June 15, 18",-0.01286
2018-06-18,43.88,43.96,43.4,43.55,12161900.0,12161900.0,0.33,0.752,43.63667,"June 18, 18",0.00752
2018-06-19,43.3,43.75,43.2,43.6,12936400.0,12936400.0,-0.3,-0.693,43.51667,"June 19, 18",-0.00693
2018-06-20,43.62,43.78,43.23,43.26,10893700.0,10893700.0,0.36,0.825,43.42333,"June 20, 18",0.00825
2018-06-21,43.27,43.3,42.96,43.09,10465200.0,10465200.0,0.18,0.416,43.11667,"June 21, 18",0.00416
2018-06-22,43.15,43.41,43.08,43.25,14924400.0,14924400.0,-0.1,-0.232,43.24667,"June 22, 18",-0.00232
2018-06-25,43.16,43.75,43.16,43.58,12092400.0,12092400.0,-0.42,-0.973,43.49667,"June 25, 18",-0.00973
2018-06-26,43.56,43.84,43.28,43.33,13974700.0,13974700.0,0.23,0.528,43.48333,"June 26, 18",0.00528
2018-06-27,43.33,43.61,42.99,43.07,15332600.0,15332600.0,0.26,0.6,43.22333,"June 27, 18",0.006
2018-06-28,43.24,43.68,43.17,43.47,12668900.0,12668900.0,-0.23,-0.532,43.44,"June 28, 18",-0.00532
2018-06-29,43.57,44.1,43.31,43.86,11485600.0,11485600.0,-0.29,-0.666,43.75667,"June 29, 18",-0.00666
2018-07-02,43.78,44.16,43.58,43.75,9232500.0,9232500.0,0.03,0.069,43.83,"July 02, 18",0.00069
2018-07-03,44.06,44.33,43.99,43.99,8214300.0,8214300.0,0.07,0.159,44.10333,"July 03, 18",0.00159
2018-07-05,44.16,44.67,44.13,44.66,11653000.0,11653000.0,-0.5,-1.132,44.48667,"July 05, 18",-0.01132
2018-07-06,44.67,44.94,44.58,44.64,8733900.0,8733900.0,0.03,0.067,44.72,"July 06, 18",0.00067
2018-07-09,44.54,44.73,44.34,44.4,7373100.0,7373100.0,0.14,0.314,44.49,"July 09, 18",0.00314
2018-07-10,44.51,45.0,44.5,44.97,10606100.0,10606100.0,-0.46,-1.033,44.82333,"July 10, 18",-0.01033
2018-07-11,44.99,45.0,44.64,44.79,7715600.0,7715600.0,0.2,0.445,44.81,"July 11, 18",0.00445
2018-07-12,44.83,44.96,44.49,44.67,6331600.0,6331600.0,0.16,0.357,44.70667,"July 12, 18",0.00357
2018-07-13,44.7,44.78,44.47,44.74,5585900.0,5585900.0,-0.04,-0.089,44.66333,"July 13, 18",-0.00089
2018-07-16,44.73,44.8,44.53,44.73,5831400.0,5831400.0,0.0,0.0,44.68667,"July 16, 18",0.0
2018-07-17,44.75,45.39,44.68,45.25,11592200.0,11592200.0,-0.5,-1.117,45.10667,"July 17, 18",-0.01117
2018-07-18,45.19,45.29,44.84,45.12,7351600.0,7351600.0,0.07,0.155,45.08333,"July 18, 18",0.00155
2018-07-19,44.99,45.43,44.92,45.11,10097500.0,10097500.0,-0.12,-0.267,45.15333,"July 19, 18",-0.00267
2018-07-20,45.02,45.28,44.9,45.28,8588400.0,8588400.0,-0.26,-0.578,45.15333,"July 20, 18",-0.00578
2018-07-23,45.28,45.36,44.77,44.95,9055700.0,9055700.0,0.33,0.729,45.02667,"July 23, 18",0.00729
2018-07-24,44.78,45.27,44.61,45.26,13786100.0,13786100.0,-0.48,-1.072,45.04667,"July 24, 18",-0.01072
2018-07-25,46.0,46.58,45.75,46.09,21330600.0,21330600.0,-0.09,-0.196,46.14,"July 25, 18",-0.00196
2018-07-26,46.36,46.59,46.2,46.24,12673100.0,12673100.0,0.12,0.259,46.34333,"July 26, 18",0.00259
2018-07-27,46.32,46.5,46.06,46.21,10516900.0,10516900.0,0.11,0.237,46.25667,"July 27, 18",0.00237
2018-07-30,46.1,46.44,46.05,46.23,8967900.0,8967900.0,-0.13,-0.282,46.24,"July 30, 18",-0.00282
2018-07-31,46.4,46.67,46.31,46.63,12438800.0,12438800.0,-0.23,-0.496,46.53667,"July 31, 18",-0.00496
2018-08-01,46.45,46.49,46.17,46.39,9904100.0,9904100.0,0.06,0.129,46.35,"August 01, 18",0.00129
2018-08-02,46.48,46.63,46.18,46.18,12009700.0,12009700.0,0.3,0.645,46.33,"August 02, 18",0.00645
2018-08-03,46.23,46.76,46.14,46.62,11462800.0,11462800.0,-0.39,-0.844,46.50667,"August 03, 18",-0.00844
2018-08-06,46.6,46.87,46.55,46.65,10056100.0,10056100.0,-0.05,-0.107,46.69,"August 06, 18",-0.00107
2018-08-07,46.52,46.61,46.13,46.5,8632900.0,8632900.0,0.02,0.043,46.41333,"August 07, 18",0.00043
2018-08-08,46.49,46.56,46.12,46.15,6810000.0,6810000.0,0.34,0.731,46.27667,"August 08, 18",0.00731
2018-08-09,46.25,46.42,46.08,46.35,8924100.0,8924100.0,-0.1,-0.216,46.28333,"August 09, 18",-0.00216
2018-08-10,46.21,46.42,45.97,46.08,7535400.0,7535400.0,0.13,0.281,46.15667,"August 10, 18",0.00281
2018-08-13,46.05,46.13,45.7,45.83,8143400.0,8143400.0,0.22,0.478,45.88667,"August 13, 18",0.00478
2018-08-14,45.91,46.1,45.87,45.89,6846100.0,6846100.0,0.02,0.044,45.95333,"August 14, 18",0.00044
2018-08-15,45.77,46.15,45.65,46.08,9686400.0,9686400.0,-0.31,-0.677,45.96,"August 15, 18",-0.00677
2018-08-16,46.11,46.38,45.97,46.22,10600700.0,10600700.0,-0.11,-0.239,46.19,"August 16, 18",-0.00239
2018-08-17,46.29,46.73,46.24,46.6,8885700.0,8885700.0,-0.31,-0.67,46.52333,"August 17, 18",-0.0067
2018-08-20,46.68,46.87,46.59,46.73,6392000.0,6392000.0,-0.05,-0.107,46.73,"August 20, 18",-0.00107
2018-08-21,46.73,46.75,46.21,46.22,13986300.0,13986300.0,0.51,1.091,46.39333,"August 21, 18",0.01091
2018-08-22,46.34,46.38,45.92,45.93,7159100.0,7159100.0,0.41,0.885,46.07667,"August 22, 18",0.00885
2018-08-23,45.89,46.08,45.69,45.7,13144900.0,13144900.0,0.19,0.414,45.82333,"August 23, 18",0.00414
2018-08-24,45.65,45.8,45.58,45.63,10952900.0,10952900.0,0.02,0.044,45.67,"August 24, 18",0.00044
2018-08-27,46.05,46.05,45.56,45.69,9581200.0,9581200.0,0.36,0.782,45.76667,"August 27, 18",0.00782
2018-08-28,45.65,45.73,45.28,45.37,8476800.0,8476800.0,0.28,0.613,45.46,"August 28, 18",0.00613
2018-08-29,45.25,45.42,45.22,45.33,12410900.0,12410900.0,-0.08,-0.177,45.32333,"August 29, 18",-0.00177
2018-08-30,45.28,45.32,44.89,44.95,9716500.0,9716500.0,0.33,0.729,45.05333,"August 30, 18",0.00729
2018-08-31,45.0,45.07,44.39,44.57,19834100.0,19834100.0,0.43,0.956,44.67667,"August 31, 18",0.00956
2018-09-04,44.6,44.9,44.51,44.76,11138500.0,11138500.0,-0.16,-0.359,44.72333,"September 04, 18",-0.00359
2018-09-05,44.66,45.42,44.66,45.38,10554900.0,10554900.0,-0.72,-1.612,45.15333,"September 05, 18",-0.01612
2018-09-06,45.4,46.0,45.3,45.77,11439400.0,11439400.0,-0.37,-0.815,45.69,"September 06, 18",-0.00815
2018-09-07,45.6,45.82,45.28,45.72,10208100.0,10208100.0,-0.12,-0.263,45.60667,"September 07, 18",-0.00263
2018-09-10,45.91,46.31,45.8,46.06,8568900.0,8568900.0,-0.15,-0.327,46.05667,"September 10, 18",-0.00327
2018-09-11,46.1,46.15,45.88,46.02,9278300.0,9278300.0,0.08,0.174,46.01667,"September 11, 18",0.00174
2018-09-12,46.16,46.3,46.02,46.24,13216400.0,13216400.0,-0.08,-0.173,46.18667,"September 12, 18",-0.00173
2018-09-13,46.01,46.12,45.71,45.83,8294800.0,8294800.0,0.18,0.391,45.88667,"September 13, 18",0.00391
2018-09-14,45.92,46.03,45.61,45.99,7612900.0,7612900.0,-0.07,-0.152,45.87667,"September 14, 18",-0.00152
2018-09-17,46.0,46.33,45.91,46.32,8527300.0,8527300.0,-0.32,-0.696,46.18667,"September 17, 18",-0.00696
2018-09-18,46.39,46.53,45.93,45.93,9847400.0,9847400.0,0.46,0.992,46.13,"September 18, 18",0.00992
2018-09-19,46.0,46.11,45.87,45.96,7119000.0,7119000.0,0.04,0.087,45.98,"September 19, 18",0.00087
2018-09-20,46.22,46.68,46.15,46.64,9736700.0,9736700.0,-0.42,-0.909,46.49,"September 20, 18",-0.00909
2018-09-21,46.64,46.69,46.38,46.58,19240300.0,19240300.0,0.06,0.129,46.55,"September 21, 18",0.00129
2018-09-24,46.49,46.53,45.84,46.07,10778900.0,10778900.0,0.42,0.903,46.14667,"September 24, 18",0.00903
2018-09-25,46.06,46.18,45.61,45.68,7919100.0,7919100.0,0.38,0.825,45.82333,"September 25, 18",0.00825
2018-09-26,45.77,46.07,45.57,45.85,10162600.0,10162600.0,-0.08,-0.175,45.83,"September 26, 18",-0.00175
2018-09-27,45.73,46.18,45.68,46.01,10826900.0,10826900.0,-0.28,-0.612,45.95667,"September 27, 18",-0.00612
2018-09-28,46.0,46.19,45.97,46.19,9071900.0,9071900.0,-0.19,-0.413,46.11667,"September 28, 18",-0.00413
2018-10-01,46.17,46.35,46.05,46.23,9364700.0,9364700.0,-0.06,-0.13,46.21,"October 01, 18",-0.0013
2018-10-02,46.28,46.56,46.06,46.51,7462700.0,7462700.0,-0.23,-0.497,46.37667,"October 02, 18",-0.00497
2018-10-03,46.46,46.55,45.8,45.87,10542300.0,10542300.0,0.59,1.27,46.07333,"October 03, 18",0.0127
2018-10-04,45.66,45.9,45.43,45.85,9582300.0,9582300.0,-0.19,-0.416,45.72667,"October 04, 18",-0.00416
2018-10-05,45.94,46.16,45.69,45.88,8734100.0,8734100.0,0.06,0.131,45.91,"October 05, 18",0.00131
2018-10-08,45.99,46.58,45.97,46.48,9808100.0,9808100.0,-0.49,-1.065,46.34333,"October 08, 18",-0.01065
2018-10-09,46.38,46.55,46.22,46.39,10824500.0,10824500.0,-0.01,-0.022,46.38667,"October 09, 18",-0.00022
2018-10-10,46.3,46.7,45.67,45.68,13917000.0,13917000.0,0.62,1.339,46.01667,"October 10, 18",0.01339
2018-10-11,45.8,45.97,44.5,44.64,17677900.0,17677900.0,1.16,2.533,45.03667,"October 11, 18",0.02533
2018-10-12,44.48,44.88,44.25,44.68,12420100.0,12420100.0,-0.2,-0.45,44.60333,"October 12, 18",-0.0045
2018-10-15,44.64,45.27,44.59,44.91,11608500.0,11608500.0,-0.27,-0.605,44.92333,"October 15, 18",-0.00605
2018-10-16,45.02,45.6,44.86,45.49,10442500.0,10442500.0,-0.47,-1.044,45.31667,"October 16, 18",-0.01044
2018-10-17,45.41,45.99,45.36,45.86,11055800.0,11055800.0,-0.45,-0.991,45.73667,"October 17, 18",-0.00991
2018-10-18,45.9,46.08,45.46,45.61,12716900.0,12716900.0,0.29,0.632,45.71667,"October 18, 18",0.00632
2018-10-19,45.83,46.49,45.83,46.33,13989200.0,13989200.0,-0.5,-1.091,46.21667,"October 19, 18",-0.01091
2018-10-22,46.37,46.46,45.81,45.97,14283600.0,14283600.0,0.4,0.863,46.08,"October 22, 18",0.00863
2018-10-23,45.62,46.46,45.45,46.36,17483900.0,17483900.0,-0.74,-1.622,46.09,"October 23, 18",-0.01622
2018-10-24,46.33,47.39,46.24,46.73,21626000.0,21626000.0,-0.4,-0.863,46.78667,"October 24, 18",-0.00863
2018-10-25,46.65,46.74,46.12,46.51,14220200.0,14220200.0,0.14,0.3,46.45667,"October 25, 18",0.003
2018-10-26,46.37,46.48,45.43,45.92,21458000.0,21458000.0,0.45,0.97,45.94333,"October 26, 18",0.0097
2018-10-29,46.15,46.56,46.05,46.46,20932200.0,20932200.0,-0.31,-0.672,46.35667,"October 29, 18",-0.00672
2018-10-30,46.62,47.74,46.04,47.63,20895400.0,20895400.0,-1.01,-2.166,47.13667,"October 30, 18",-0.02166
2018-10-31,47.5,48.08,47.22,47.88,25309400.0,25309400.0,-0.38,-0.8,47.72667,"October 31, 18",-0.008
2018-11-01,47.81,48.15,47.3,47.74,16494500.0,16494500.0,0.07,0.146,47.73,"November 01, 18",0.00146
2018-11-02,47.82,48.0,47.44,48.0,17584900.0,17584900.0,-0.18,-0.376,47.81333,"November 02, 18",-0.00376
2018-11-05,48.0,48.78,47.92,48.69,16543500.0,16543500.0,-0.69,-1.437,48.46333,"November 05, 18",-0.01437
2018-11-06,48.65,49.13,48.6,49.11,14373400.0,14373400.0,-0.46,-0.946,48.94667,"November 06, 18",-0.00946
2018-11-07,49.39,49.55,49.03,49.37,12239700.0,12239700.0,0.02,0.04,49.31667,"November 07, 18",0.0004
2018-11-08,49.12,49.37,49.1,49.33,9762800.0,9762800.0,-0.21,-0.428,49.26667,"November 08, 18",-0.00428
2018-11-09,49.39,49.89,49.36,49.68,12398100.0,12398100.0,-0.29,-0.587,49.64333,"November 09, 18",-0.00587
2018-11-12,49.61,50.24,49.54,49.87,13918300.0,13918300.0,-0.26,-0.524,49.88333,"November 12, 18",-0.00524
2018-11-13,49.81,50.0,49.58,49.86,13872900.0,13872900.0,-0.05,-0.1,49.81333,"November 13, 18",-0.001
2018-11-14,49.85,49.94,49.59,49.76,12106800.0,12106800.0,0.09,0.181,49.76333,"November 14, 18",0.00181
2018-11-15,49.66,49.75,49.27,49.74,12080100.0,12080100.0,-0.08,-0.161,49.58667,"November 15, 18",-0.00161
2018-11-16,49.66,50.25,49.63,50.17,13405800.0,13405800.0,-0.51,-1.027,50.01667,"November 16, 18",-0.01027
2018-11-19,50.31,50.76,50.25,50.51,13575800.0,13575800.0,-0.2,-0.398,50.50667,"November 19, 18",-0.00398
2018-11-20,50.82,50.84,49.21,49.38,16255300.0,16255300.0,1.44,2.834,49.81,"November 20, 18",0.02834
2018-11-21,49.23,49.44,48.59,48.73,13559200.0,13559200.0,0.5,1.016,48.92,"November 21, 18",0.01016
2018-11-23,48.75,49.23,48.55,49.02,4792500.0,4792500.0,-0.27,-0.554,48.93333,"November 23, 18",-0.00554
2018-11-26,49.01,49.23,48.67,48.87,9341900.0,9341900.0,0.14,0.286,48.92333,"November 26, 18",0.00286
2018-11-27,48.88,49.41,48.73,49.37,9180700.0,9180700.0,-0.49,-1.002,49.17,"November 27, 18",-0.01002
2018-11-28,49.21,49.72,49.21,49.71,11368700.0,11368700.0,-0.5,-1.016,49.54667,"November 28, 18",-0.01016
2018-11-29,49.28,49.43,48.97,48.98,11564300.0,11564300.0,0.3,0.609,49.12667,"November 29, 18",0.00609
2018-11-30,49.0,50.49,48.99,50.4,25538200.0,25538200.0,-1.4,-2.857,49.96,"November 30, 18",-0.02857
2018-12-03,49.87,49.96,48.89,49.69,14877200.0,14877200.0,0.18,0.361,49.51333,"December 03, 18",0.00361
2018-12-04,49.97,50.51,49.5,49.58,19059900.0,19059900.0,0.39,0.78,49.86333,"December 04, 18",0.0078
2018-12-06,49.51,49.63,48.66,49.38,17674900.0,17674900.0,0.13,0.263,49.22333,"December 06, 18",0.00263
2018-12-07,49.57,49.68,48.88,49.09,15565700.0,15565700.0,0.48,0.968,49.21667,"December 07, 18",0.00968
2018-12-10,49.45,49.45,48.47,49.24,12331100.0,12331100.0,0.21,0.425,49.05333,"December 10, 18",0.00425
2018-12-11,49.59,50.01,49.18,49.54,18083600.0,18083600.0,0.05,0.101,49.57667,"December 11, 18",0.00101
2018-12-12,49.95,50.02,49.19,49.22,12316900.0,12316900.0,0.73,1.461,49.47667,"December 12, 18",0.01461
2018-12-13,48.72,49.61,48.57,49.47,13766200.0,13766200.0,-0.75,-1.539,49.21667,"December 13, 18",-0.01539
2018-12-14,49.23,49.52,49.02,49.34,13835900.0,13835900.0,-0.11,-0.223,49.29333,"December 14, 18",-0.00223
2018-12-17,49.34,49.53,48.02,48.33,18482700.0,18482700.0,1.01,2.047,48.62667,"December 17, 18",0.02047
2018-12-18,48.61,48.83,47.85,48.32,14765700.0,14765700.0,0.29,0.597,48.33333,"December 18, 18",0.00597
2018-12-19,48.24,48.76,47.62,47.9,17903800.0,17903800.0,0.34,0.705,48.09333,"December 19, 18",0.00705
2018-12-20,47.81,48.13,47.1,47.54,21130000.0,21130000.0,0.27,0.565,47.59,"December 20, 18",0.00565
2018-12-21,47.26,48.75,47.23,47.57,32477700.0,32477700.0,-0.31,-0.656,47.85,"December 21, 18",-0.00656
2018-12-24,47.62,47.87,45.83,45.96,10733700.0,10733700.0,1.66,3.486,46.55333,"December 24, 18",0.03486
2018-12-26,45.88,46.96,45.66,46.94,14342600.0,14342600.0,-1.06,-2.31,46.52,"December 26, 18",-0.0231
2018-12-27,46.74,47.55,46.03,47.53,16966500.0,16966500.0,-0.79,-1.69,47.03667,"December 27, 18",-0.0169
2018-12-28,47.89,48.01,47.03,47.2,13218200.0,13218200.0,0.69,1.441,47.41333,"December 28, 18",0.01441
2018-12-31,47.49,47.54,46.96,47.35,10576300.0,10576300.0,0.14,0.295,47.28333,"December 31, 18",0.00295
2019-01-02,46.94,47.22,46.56,46.93,11603700.0,11603700.0,0.01,0.021,46.90333,"January 02, 19",0.00021
2019-01-03,46.82,47.37,46.53,46.64,14714400.0,14714400.0,0.18,0.384,46.84667,"January 03, 19",0.00384
2019-01-04,46.75,47.57,46.64,47.57,13013700.0,13013700.0,-0.82,-1.754,47.26,"January 04, 19",-0.01754
2019-01-07,47.57,47.75,46.9,46.95,13135500.0,13135500.0,0.62,1.303,47.2,"January 07, 19",0.01303
2019-01-08,47.25,47.57,47.04,47.48,15420700.0,15420700.0,-0.23,-0.487,47.36333,"January 08, 19",-0.00487
2019-01-09,47.08,47.28,46.43,46.57,18032500.0,18032500.0,0.51,1.083,46.76,"January 09, 19",0.01083
2019-01-10,46.66,47.09,46.34,47.07,15976600.0,15976600.0,-0.41,-0.879,46.83333,"January 10, 19",-0.00879
2019-01-11,47.29,47.36,46.97,47.34,11088600.0,11088600.0,-0.05,-0.106,47.22333,"January 11, 19",-0.00106
2019-01-14,47.25,47.4,46.99,47.15,11514300.0,11514300.0,0.1,0.212,47.18,"January 14, 19",0.00212
2019-01-15,46.89,47.6,46.81,47.57,11342900.0,11342900.0,-0.68,-1.45,47.32667,"January 15, 19",-0.0145
2019-01-16,47.4,47.47,46.86,46.92,16907800.0,16907800.0,0.48,1.013,47.08333,"January 16, 19",0.01013
2019-01-17,46.92,47.14,46.88,47.06,12044600.0,12044600.0,-0.14,-0.298,47.02667,"January 17, 19",-0.00298
2019-01-18,47.25,47.69,47.12,47.61,12760700.0,12760700.0,-0.36,-0.762,47.47333,"January 18, 19",-0.00762
2019-01-22,47.7,47.79,47.21,47.72,11700400.0,11700400.0,-0.02,-0.042,47.57333,"January 22, 19",-0.00042
2019-01-23,47.82,48.29,47.65,48.27,12058300.0,12058300.0,-0.45,-0.941,48.07,"January 23, 19",-0.00941
2019-01-24,48.11,48.11,47.38,47.69,10272000.0,10272000.0,0.42,0.873,47.72667,"January 24, 19",0.00873
2019-01-25,47.88,48.03,47.24,47.37,12066500.0,12066500.0,0.51,1.065,47.54667,"January 25, 19",0.01065
2019-01-28,47.22,47.3,46.94,47.17,9966900.0,9966900.0,0.05,0.106,47.13667,"January 28, 19",0.00106
2019-01-29,47.2,47.63,47.13,47.4,11998600.0,11998600.0,-0.2,-0.424,47.38667,"January 29, 19",-0.00424
2019-01-30,47.25,47.89,47.19,47.86,12952500.0,12952500.0,-0.61,-1.291,47.64667,"January 30, 19",-0.01291
2019-01-31,47.85,48.78,47.47,48.13,32181500.0,32181500.0,-0.28,-0.585,48.12667,"January 31, 19",-0.00585
2019-02-01,48.48,48.78,48.4,48.7,19130100.0,19130100.0,-0.22,-0.454,48.62667,"February 01, 19",-0.00454
2019-02-04,48.7,49.45,48.54,49.25,15105700.0,15105700.0,-0.55,-1.129,49.08,"February 04, 19",-0.01129
2019-02-05,49.33,49.47,49.1,49.26,12651900.0,12651900.0,0.07,0.142,49.27667,"February 05, 19",0.00142
2019-02-06,49.21,49.36,49.02,49.26,8689100.0,8689100.0,-0.05,-0.102,49.21333,"February 06, 19",-0.00102
2019-02-07,49.17,49.46,49.0,49.42,10047800.0,10047800.0,-0.25,-0.508,49.29333,"February 07, 19",-0.00508
2019-02-08,49.37,49.5,49.11,49.5,9813300.0,9813300.0,-0.13,-0.263,49.37,"February 08, 19",-0.00263
2019-02-11,49.57,49.88,49.48,49.61,9369300.0,9369300.0,-0.04,-0.081,49.65667,"February 11, 19",-0.00081
2019-02-12,49.69,49.8,49.46,49.66,10983300.0,10983300.0,0.03,0.06,49.64,"February 12, 19",0.0006
2019-02-13,49.61,49.94,49.56,49.79,12748800.0,12748800.0,-0.18,-0.363,49.76333,"February 13, 19",-0.00363
2019-02-14,46.7,46.96,45.5,45.59,58905400.0,58905400.0,1.11,2.377,46.01667,"February 14, 19",0.02377
2019-02-15,45.9,46.26,45.2,45.24,35701600.0,35701600.0,0.66,1.438,45.56667,"February 15, 19",0.01438
2019-02-19,45.32,45.59,44.77,44.83,25511300.0,25511300.0,0.49,1.081,45.06333,"February 19, 19",0.01081
2019-02-20,44.91,45.24,44.8,45.1,27464000.0,27464000.0,-0.19,-0.423,45.04667,"February 20, 19",-0.00423
2019-02-21,45.0,45.91,44.96,45.86,23121200.0,23121200.0,-0.86,-1.911,45.57667,"February 21, 19",-0.01911
2019-02-22,45.76,45.95,45.2,45.28,24728400.0,24728400.0,0.48,1.049,45.47667,"February 22, 19",0.01049
2019-02-25,45.44,45.57,44.84,44.94,23774400.0,23774400.0,0.5,1.1,45.11667,"February 25, 19",0.011
2019-02-26,45.1,45.14,44.66,44.69,20463200.0,20463200.0,0.41,0.909,44.83,"February 26, 19",0.00909
2019-02-27,44.6,45.02,44.42,44.94,17827500.0,17827500.0,-0.34,-0.762,44.79333,"February 27, 19",-0.00762
2019-02-28,45.12,45.61,45.11,45.34,22533900.0,22533900.0,-0.22,-0.488,45.35333,"February 28, 19",-0.00488
2019-03-01,45.47,45.64,45.2,45.38,16291600.0,16291600.0,0.09,0.198,45.40667,"March 01, 19",0.00198
2019-03-04,45.53,45.67,45.3,45.65,15973800.0,15973800.0,-0.12,-0.264,45.54,"March 04, 19",-0.00264
2019-03-05,45.65,45.7,45.4,45.6,13062300.0,13062300.0,0.05,0.11,45.56667,"March 05, 19",0.0011
2019-03-06,45.67,45.79,45.44,45.45,14232100.0,14232100.0,0.22,0.482,45.56,"March 06, 19",0.00482
2019-03-07,45.49,45.53,45.13,45.28,12084000.0,12084000.0,0.21,0.462,45.31333,"March 07, 19",0.00462
2019-03-08,45.15,45.25,44.61,44.84,15579100.0,15579100.0,0.31,0.687,44.9,"March 08, 19",0.00687
2019-03-11,45.14,46.24,45.1,46.18,22126900.0,22126900.0,-1.04,-2.304,45.84,"March 11, 19",-0.02304
2019-03-12,45.95,46.25,45.9,46.05,19348500.0,19348500.0,-0.1,-0.218,46.06667,"March 12, 19",-0.00218
2019-03-13,46.13,46.34,45.91,46.22,16222500.0,16222500.0,-0.09,-0.195,46.15667,"March 13, 19",-0.00195
2019-03-14,45.84,46.11,45.63,45.7,18504100.0,18504100.0,0.14,0.305,45.81333,"March 14, 19",0.00305
2019-03-15,45.72,45.9,45.14,45.3,47254500.0,47254500.0,0.42,0.919,45.44667,"March 15, 19",0.00919
2019-03-18,45.43,45.68,45.36,45.41,24006400.0,24006400.0,0.02,0.044,45.48333,"March 18, 19",0.00044
2019-03-19,45.55,45.69,45.34,45.56,14987000.0,14987000.0,-0.01,-0.022,45.53,"March 19, 19",-0.00022
2019-03-20,45.4,45.9,45.18,45.53,13376100.0,13376100.0,-0.13,-0.286,45.53667,"March 20, 19",-0.00286
2019-03-21,45.53,45.76,45.44,45.51,20043000.0,20043000.0,0.02,0.044,45.57,"March 21, 19",0.00044
2019-03-22,45.46,46.11,45.46,45.93,19055900.0,19055900.0,-0.47,-1.034,45.83333,"March 22, 19",-0.01034
2019-03-25,45.86,46.2,45.79,46.03,11668200.0,11668200.0,-0.17,-0.371,46.00667,"March 25, 19",-0.00371
2019-03-26,46.17,46.79,46.17,46.64,11434900.0,11434900.0,-0.47,-1.018,46.53333,"March 26, 19",-0.01018
2019-03-27,46.65,46.91,46.33,46.61,11543600.0,11543600.0,0.04,0.086,46.61667,"March 27, 19",0.00086
2019-03-28,46.68,46.92,46.48,46.58,11121100.0,11121100.0,0.1,0.214,46.66,"March 28, 19",0.00214
2019-03-29,46.67,46.91,46.48,46.86,16045600.0,16045600.0,-0.19,-0.407,46.75,"March 29, 19",-0.00407
2019-04-01,46.99,47.17,46.59,46.72,11522700.0,11522700.0,0.27,0.575,46.82667,"April 01, 19",0.00575
2019-04-02,46.75,46.93,46.57,46.57,8495000.0,8495000.0,0.18,0.385,46.69,"April 02, 19",0.00385
2019-04-03,46.42,46.59,46.04,46.18,12854500.0,12854500.0,0.24,0.517,46.27,"April 03, 19",0.00517
2019-04-04,46.34,46.54,46.11,46.48,7814900.0,7814900.0,-0.14,-0.302,46.37667,"April 04, 19",-0.00302
2019-04-05,46.49,46.58,46.2,46.47,7677600.0,7677600.0,0.02,0.043,46.41667,"April 05, 19",0.00043
2019-04-08,46.54,46.57,46.27,46.55,9421300.0,9421300.0,-0.01,-0.021,46.46333,"April 08, 19",-0.00021
2019-04-09,46.45,46.72,46.27,46.67,8641800.0,8641800.0,-0.22,-0.474,46.55333,"April 09, 19",-0.00474
2019-04-10,46.84,47.0,46.56,46.64,8059900.0,8059900.0,0.2,0.427,46.73333,"April 10, 19",0.00427
2019-04-11,46.72,46.75,46.54,46.71,7352400.0,7352400.0,0.01,0.021,46.66667,"April 11, 19",0.00021
2019-04-12,46.67,46.93,46.57,46.74,10690000.0,10690000.0,-0.07,-0.15,46.74667,"April 12, 19",-0.0015
2019-04-15,46.88,47.04,46.7,47.0,10261300.0,10261300.0,-0.12,-0.256,46.91333,"April 15, 19",-0.00256
2019-04-16,47.05,47.1,46.7,46.95,10804600.0,10804600.0,0.1,0.213,46.91667,"April 16, 19",0.00213
2019-04-17,47.2,47.55,47.15,47.28,11849300.0,11849300.0,-0.08,-0.169,47.32667,"April 17, 19",-0.00169
2019-04-18,47.33,47.58,47.27,47.48,12167000.0,12167000.0,-0.15,-0.317,47.44333,"April 18, 19",-0.00317
2019-04-22,47.4,47.61,47.02,47.4,9834700.0,9834700.0,0.0,0.0,47.34333,"April 22, 19",0.0
2019-04-23,48.09,48.72,47.55,48.21,25327800.0,25327800.0,-0.12,-0.25,48.16,"April 23, 19",-0.0025
2019-04-24,48.03,48.23,47.92,47.98,15997300.0,15997300.0,0.05,0.104,48.04333,"April 24, 19",0.00104
2019-04-25,47.74,47.89,47.47,47.84,11444400.0,11444400.0,-0.1,-0.209,47.73333,"April 25, 19",-0.00209
2019-04-26,47.99,48.45,47.98,48.26,10154300.0,10154300.0,-0.27,-0.563,48.23,"April 26, 19",-0.00563
2019-04-29,48.17,48.45,48.11,48.42,9731500.0,9731500.0,-0.25,-0.519,48.32667,"April 29, 19",-0.00519
2019-04-30,48.53,49.18,48.39,49.06,17912900.0,17912900.0,-0.53,-1.092,48.87667,"April 30, 19",-0.01092
2019-05-01,48.95,49.08,48.55,48.59,10551200.0,10551200.0,0.36,0.735,48.74,"May 01, 19",0.00735
2019-05-02,48.53,48.77,48.27,48.39,8724600.0,8724600.0,0.14,0.288,48.47667,"May 02, 19",0.00288
2019-05-03,48.6,48.96,48.52,48.72,7076900.0,7076900.0,-0.12,-0.247,48.73333,"May 03, 19",-0.00247
2019-05-06,48.33,48.61,48.26,48.47,8657800.0,8657800.0,-0.14,-0.29,48.44667,"May 06, 19",-0.0029
2019-05-07,48.23,48.29,47.77,48.0,12487500.0,12487500.0,0.23,0.477,48.02,"May 07, 19",0.00477
2019-05-08,48.05,48.23,47.82,47.85,9281400.0,9281400.0,0.2,0.416,47.96667,"May 08, 19",0.00416
2019-05-09,47.8,47.98,47.07,47.4,11450500.0,11450500.0,0.4,0.837,47.48333,"May 09, 19",0.00837
2019-05-10,47.41,48.3,47.4,48.19,9653800.0,9653800.0,-0.78,-1.645,47.96333,"May 10, 19",-0.01645
2019-05-13,47.91,48.13,47.73,48.05,11911500.0,11911500.0,-0.14,-0.292,47.97,"May 13, 19",-0.00292
2019-05-14,48.53,49.32,48.35,48.69,16844200.0,16844200.0,-0.16,-0.33,48.78667,"May 14, 19",-0.0033
2019-05-15,48.67,49.38,48.6,49.18,11422500.0,11422500.0,-0.51,-1.048,49.05333,"May 15, 19",-0.01048
2019-05-16,49.27,49.66,49.21,49.58,17771300.0,17771300.0,-0.31,-0.629,49.48333,"May 16, 19",-0.00629
2019-05-17,49.27,49.55,49.17,49.2,11257000.0,11257000.0,0.07,0.142,49.30667,"May 17, 19",0.00142
2019-05-20,49.04,49.14,48.76,48.85,13850500.0,13850500.0,0.19,0.387,48.91667,"May 20, 19",0.00387
2019-05-21,49.0,49.03,48.45,48.6,10587400.0,10587400.0,0.4,0.816,48.69333,"May 21, 19",0.00816
2019-05-22,48.78,49.71,48.72,49.65,16050400.0,16050400.0,-0.87,-1.784,49.36,"May 22, 19",-0.01784
2019-05-23,49.5,49.9,49.46,49.85,12199400.0,12199400.0,-0.35,-0.707,49.73667,"May 23, 19",-0.00707
2019-05-24,49.82,49.89,49.53,49.61,6887600.0,6887600.0,0.21,0.422,49.67667,"May 24, 19",0.00422
2019-05-28,49.6,49.67,49.03,49.1,18614000.0,18614000.0,0.5,1.008,49.26667,"May 28, 19",0.01008
2019-05-29,48.74,49.03,48.41,48.61,12534600.0,12534600.0,0.13,0.267,48.68333,"May 29, 19",0.00267
2019-05-30,48.72,49.31,48.67,49.25,9087200.0,9087200.0,-0.53,-1.088,49.07667,"May 30, 19",-0.01088
2019-05-31,49.0,49.31,48.78,49.13,11368600.0,11368600.0,-0.13,-0.265,49.07333,"May 31, 19",-0.00265
2019-06-03,49.16,49.98,49.02,49.98,14167200.0,14167200.0,-0.82,-1.668,49.66,"June 03, 19",-0.01668
2019-06-04,50.0,50.28,49.62,50.0,12010600.0,12010600.0,0.0,0.0,49.96667,"June 04, 19",0.0
2019-06-05,50.01,51.14,49.69,50.78,15837600.0,15837600.0,-0.77,-1.54,50.53667,"June 05, 19",-0.0154
2019-06-06,50.91,51.54,50.59,51.4,15190400.0,15190400.0,-0.49,-0.962,51.17667,"June 06, 19",-0.00962
2019-06-07,51.47,52.19,51.45,51.49,15293600.0,15293600.0,-0.02,-0.039,51.71,"June 07, 19",-0.00039
2019-06-10,51.54,51.54,51.09,51.38,9737400.0,9737400.0,0.16,0.31,51.33667,"June 10, 19",0.0031
2019-06-11,51.45,51.59,51.18,51.33,9915600.0,9915600.0,0.12,0.233,51.36667,"June 11, 19",0.00233
2019-06-12,51.5,52.14,51.47,51.64,11088100.0,11088100.0,-0.14,-0.272,51.75,"June 12, 19",-0.00272
2019-06-13,51.46,51.7,50.78,51.13,10353600.0,10353600.0,0.33,0.641,51.20333,"June 13, 19",0.00641
2019-06-14,51.05,51.53,51.05,51.31,8694300.0,8694300.0,-0.26,-0.509,51.29667,"June 14, 19",-0.00509
2019-06-17,51.25,51.48,50.61,50.87,12322400.0,12322400.0,0.38,0.741,50.98667,"June 17, 19",0.00741
2019-06-18,51.25,51.3,50.53,50.64,9221100.0,9221100.0,0.61,1.19,50.82333,"June 18, 19",0.0119
2019-06-19,50.54,51.24,50.47,51.12,9414100.0,9414100.0,-0.58,-1.148,50.94333,"June 19, 19",-0.01148
2019-06-20,51.5,51.79,51.35,51.66,10656600.0,10656600.0,-0.16,-0.311,51.6,"June 20, 19",-0.00311
2019-06-21,51.53,51.89,51.41,51.55,21264400.0,21264400.0,-0.02,-0.039,51.61667,"June 21, 19",-0.00039
2019-06-24,51.74,52.2,51.7,51.92,10780000.0,10780000.0,-0.18,-0.348,51.94,"June 24, 19",-0.00348
2019-06-25,52.0,52.1,51.64,51.76,11519900.0,11519900.0,0.24,0.462,51.83333,"June 25, 19",0.00462
2019-06-26,51.52,51.64,51.09,51.12,12405100.0,12405100.0,0.4,0.776,51.28333,"June 26, 19",0.00776
2019-06-27,51.29,51.4,50.97,51.08,12374900.0,12374900.0,0.21,0.409,51.15,"June 27, 19",0.00409
2019-06-28,51.27,51.4,50.52,50.92,16339900.0,16339900.0,0.35,0.683,50.94667,"June 28, 19",0.00683
2019-07-01,51.07,51.63,50.78,51.6,14976400.0,14976400.0,-0.53,-1.038,51.33667,"July 01, 19",-0.01038
2019-07-02,51.78,52.05,51.55,51.98,8569200.0,8569200.0,-0.2,-0.386,51.86,"July 02, 19",-0.00386
2019-07-03,52.0,52.33,52.0,52.1,7253700.0,7253700.0,-0.1,-0.192,52.14333,"July 03, 19",-0.00192
2019-07-05,51.89,52.12,51.48,52.11,8916300.0,8916300.0,-0.22,-0.424,51.90333,"July 05, 19",-0.00424
2019-07-08,52.2,52.33,51.89,52.0,9495100.0,9495100.0,0.2,0.383,52.07333,"July 08, 19",0.00383
2019-07-09,51.72,51.97,51.43,51.59,10584900.0,10584900.0,0.13,0.251,51.66333,"July 09, 19",0.00251
2019-07-10,51.8,51.97,51.66,51.82,7620900.0,7620900.0,-0.02,-0.039,51.81667,"July 10, 19",-0.00039
2019-07-11,51.99,52.06,51.66,52.04,10376500.0,10376500.0,-0.05,-0.096,51.92,"July 11, 19",-0.00096
2019-07-12,52.25,52.29,51.91,52.12,7347400.0,7347400.0,0.13,0.249,52.10667,"July 12, 19",0.00249
2019-07-15,52.28,52.29,51.87,52.13,5876100.0,5876100.0,0.15,0.287,52.09667,"July 15, 19",0.00287
2019-07-16,51.96,52.47,51.81,52.14,7132500.0,7132500.0,-0.18,-0.346,52.14,"July 16, 19",-0.00346
2019-07-17,52.22,52.26,52.01,52.18,8264200.0,8264200.0,0.04,0.077,52.15,"July 17, 19",0.00077
2019-07-18,52.04,52.17,51.67,52.03,11912300.0,11912300.0,0.01,0.019,51.95667,"July 18, 19",0.00019
2019-07-19,52.14,52.15,51.37,51.39,10355500.0,10355500.0,0.75,1.438,51.63667,"July 19, 19",0.01438
2019-07-22,51.52,51.52,51.13,51.22,12090700.0,12090700.0,0.3,0.582,51.29,"July 22, 19",0.00582
2019-07-23,53.25,54.64,52.76,54.33,33417900.0,33417900.0,-1.08,-2.028,53.91,"July 23, 19",-0.02028
2019-07-24,54.12,54.82,53.62,53.78,15633400.0,15633400.0,0.34,0.628,54.07333,"July 24, 19",0.00628
2019-07-25,53.63,53.8,52.72,53.07,19135000.0,19135000.0,0.56,1.044,53.19667,"July 25, 19",0.01044
2019-07-26,53.34,54.31,53.19,54.17,11451900.0,11451900.0,-0.83,-1.556,53.89,"July 26, 19",-0.01556
2019-07-29,54.17,54.3,53.9,53.99,12283900.0,12283900.0,0.18,0.332,54.06333,"July 29, 19",0.00332
2019-07-30,53.96,54.3,53.57,53.72,8127100.0,8127100.0,0.24,0.445,53.86333,"July 30, 19",0.00445
2019-07-31,53.51,53.51,52.04,52.63,16865500.0,16865500.0,0.88,1.645,52.72667,"July 31, 19",0.01645
2019-08-01,52.78,53.2,52.01,52.03,19527200.0,19527200.0,0.75,1.421,52.41333,"August 01, 19",0.01421
2019-08-02,51.91,52.73,51.91,52.33,13102300.0,13102300.0,-0.42,-0.809,52.32333,"August 02, 19",-0.00809
2019-08-05,52.39,52.66,51.4,51.65,19986500.0,19986500.0,0.74,1.412,51.90333,"August 05, 19",0.01412
2019-08-06,51.87,52.76,51.61,52.27,19903100.0,19903100.0,-0.4,-0.771,52.21333,"August 06, 19",-0.00771
2019-08-07,52.27,53.39,51.77,53.18,17937000.0,17937000.0,-0.91,-1.741,52.78,"August 07, 19",-0.01741
2019-08-08,53.21,53.78,52.85,53.69,10799000.0,10799000.0,-0.48,-0.902,53.44,"August 08, 19",-0.00902
2019-08-09,53.79,53.9,53.08,53.42,9260900.0,9260900.0,0.37,0.688,53.46667,"August 09, 19",0.00688
2019-08-12,53.28,53.44,52.99,53.2,4778600.0,4778600.0,0.08,0.15,53.21,"August 12, 19",0.0015
2019-08-13,52.9,53.61,52.87,53.5,8581200.0,8581200.0,-0.6,-1.134,53.32667,"August 13, 19",-0.01134
2019-08-14,53.34,53.97,52.97,52.99,17088900.0,17088900.0,0.35,0.656,53.31,"August 14, 19",0.00656
2019-08-15,53.43,54.0,53.23,53.87,12393200.0,12393200.0,-0.44,-0.824,53.7,"August 15, 19",-0.00824
2019-08-16,53.98,54.49,53.95,54.41,14288700.0,14288700.0,-0.43,-0.797,54.28333,"August 16, 19",-0.00797
2019-08-19,54.44,54.78,54.31,54.69,10936200.0,10936200.0,-0.25,-0.459,54.59333,"August 19, 19",-0.00459
2019-08-20,54.62,54.68,53.84,53.88,8176700.0,8176700.0,0.74,1.355,54.13333,"August 20, 19",0.01355
2019-08-21,54.25,54.41,53.85,54.1,10886500.0,10886500.0,0.15,0.276,54.12,"August 21, 19",0.00276
2019-08-22,54.12,54.64,54.1,54.49,7467900.0,7467900.0,-0.37,-0.684,54.41,"August 22, 19",-0.00684
2019-08-23,54.42,54.71,53.39,53.74,14160400.0,14160400.0,0.68,1.25,53.94667,"August 23, 19",0.0125
2019-08-26,54.0,54.54,53.73,54.54,9226900.0,9226900.0,-0.54,-1.0,54.27,"August 26, 19",-0.01
2019-08-27,54.7,54.95,54.41,54.72,13537000.0,13537000.0,-0.02,-0.037,54.69333,"August 27, 19",-0.00037
2019-08-28,54.66,55.15,54.42,55.11,10046400.0,10046400.0,-0.45,-0.823,54.89333,"August 28, 19",-0.00823
2019-08-29,55.26,55.34,54.6,55.05,9262800.0,9262800.0,0.21,0.38,54.99667,"August 29, 19",0.0038
2019-08-30,55.16,55.22,54.81,55.04,8746700.0,8746700.0,0.12,0.218,55.02333,"August 30, 19",0.00218
2019-09-03,54.98,55.33,54.87,55.3,12991400.0,12991400.0,-0.32,-0.582,55.16667,"September 03, 19",-0.00582
2019-09-04,55.35,55.92,55.3,55.77,10718100.0,10718100.0,-0.42,-0.759,55.66333,"September 04, 19",-0.00759
2019-09-05,55.75,55.77,55.03,55.12,13677000.0,13677000.0,0.63,1.13,55.30667,"September 05, 19",0.0113
2019-09-06,55.44,55.44,54.76,55.23,9093500.0,9093500.0,0.21,0.379,55.14333,"September 06, 19",0.00379
2019-09-09,55.03,55.08,54.36,54.52,10814900.0,10814900.0,0.51,0.927,54.65333,"September 09, 19",0.00927
2019-09-10,54.23,54.44,53.85,54.4,12038200.0,12038200.0,-0.17,-0.313,54.23,"September 10, 19",-0.00313
2019-09-11,54.29,54.8,53.97,54.77,9740400.0,9740400.0,-0.48,-0.884,54.51333,"September 11, 19",-0.00884
2019-09-12,55.1,55.31,54.98,55.11,12357900.0,12357900.0,-0.01,-0.018,55.13333,"September 12, 19",-0.00018
2019-09-13,54.48,54.79,54.07,54.26,11486100.0,11486100.0,0.22,0.404,54.37333,"September 13, 19",0.00404
2019-09-16,54.1,54.34,53.63,53.96,11172000.0,11172000.0,0.14,0.259,53.97667,"September 16, 19",0.00259
2019-09-17,54.1,54.7,53.96,54.24,11347400.0,11347400.0,-0.14,-0.259,54.3,"September 17, 19",-0.00259
2019-09-18,54.2,54.29,53.82,54.23,9700400.0,9700400.0,-0.03,-0.055,54.11333,"September 18, 19",-0.00055
2019-09-19,54.23,54.6,54.13,54.52,7560300.0,7560300.0,-0.29,-0.535,54.41667,"September 19, 19",-0.00535
2019-09-20,54.69,54.69,53.9,53.91,19211500.0,19211500.0,0.78,1.426,54.16667,"September 20, 19",0.01426
2019-09-23,53.91,54.36,53.88,54.14,6485300.0,6485300.0,-0.23,-0.427,54.12667,"September 23, 19",-0.00427
2019-09-24,54.25,54.61,54.04,54.3,10093000.0,10093000.0,-0.05,-0.092,54.31667,"September 24, 19",-0.00092
2019-09-25,54.44,54.48,54.0,54.17,10248400.0,10248400.0,0.27,0.496,54.21667,"September 25, 19",0.00496
2019-09-26,54.47,54.58,54.13,54.39,10031200.0,10031200.0,0.08,0.147,54.36667,"September 26, 19",0.00147
2019-09-27,54.56,54.63,54.0,54.31,7941142.0,7941142.0,0.25,0.458,54.31333,"September 27, 19",0.00458
2019-09-30,54.15,54.68,54.15,54.44,9808700.0,9808700.0,-0.29,-0.536,54.42333,"September 30, 19",-0.00536
2019-10-01,54.53,54.78,54.01,54.65,14261500.0,14261500.0,-0.12,-0.22,54.48,"October 01, 19",-0.0022
2019-10-02,54.21,54.44,52.9,53.08,14343600.0,14343600.0,1.13,2.084,53.47333,"October 02, 19",0.02084
2019-10-03,53.5,53.98,52.82,53.84,13817500.0,13817500.0,-0.34,-0.636,53.54667,"October 03, 19",-0.00636
2019-10-04,54.0,54.54,53.89,54.54,9295400.0,9295400.0,-0.54,-1.0,54.32333,"October 04, 19",-0.01
2019-10-07,54.33,54.36,53.77,53.87,5964900.0,5964900.0,0.46,0.847,54.0,"October 07, 19",0.00847
2019-10-08,53.88,54.07,53.45,53.58,13301900.0,13301900.0,0.3,0.557,53.7,"October 08, 19",0.00557
2019-10-09,54.06,54.07,53.54,53.83,7135000.0,7135000.0,0.23,0.425,53.81333,"October 09, 19",0.00425
2019-10-10,53.55,53.88,53.36,53.66,8942900.0,8942900.0,-0.11,-0.205,53.63333,"October 10, 19",-0.00205
2019-10-11,53.65,53.7,53.2,53.3,8981700.0,8981700.0,0.35,0.652,53.4,"October 11, 19",0.00652
2019-10-14,53.49,53.68,53.22,53.3,7306300.0,7306300.0,0.19,0.355,53.4,"October 14, 19",0.00355
2019-10-15,53.43,53.68,53.27,53.51,9564300.0,9564300.0,-0.08,-0.15,53.48667,"October 15, 19",-0.0015
2019-10-16,53.46,53.57,53.13,53.49,10454800.0,10454800.0,-0.03,-0.056,53.39667,"October 16, 19",-0.00056
2019-10-17,53.69,54.12,53.58,53.79,13190300.0,13190300.0,-0.1,-0.186,53.83,"October 17, 19",-0.00186
2019-10-18,55.0,55.39,54.45,54.78,18122400.0,18122400.0,0.22,0.4,54.87333,"October 18, 19",0.004
2019-10-21,54.45,54.56,53.68,54.23,12778900.0,12778900.0,0.22,0.404,54.15667,"October 21, 19",0.00404
2019-10-22,54.23,54.42,53.74,53.85,9533400.0,9533400.0,0.38,0.701,54.00333,"October 22, 19",0.00701
2019-10-23,54.06,54.66,54.01,54.64,8556600.0,8556600.0,-0.58,-1.073,54.43667,"October 23, 19",-0.01073
2019-10-24,54.57,54.82,54.49,54.61,11051400.0,11051400.0,-0.04,-0.073,54.64,"October 24, 19",-0.00073
2019-10-25,54.55,54.56,53.67,53.75,9781000.0,9781000.0,0.8,1.467,53.99333,"October 25, 19",0.01467
2019-10-28,53.74,53.95,53.37,53.57,8865300.0,8865300.0,0.17,0.316,53.63,"October 28, 19",0.00316
2019-10-29,53.39,53.66,53.26,53.41,7999700.0,7999700.0,-0.02,-0.037,53.44333,"October 29, 19",-0.00037
2019-10-30,53.52,54.05,53.16,53.94,8620900.0,8620900.0,-0.42,-0.785,53.71667,"October 30, 19",-0.00785
2019-10-31,53.96,54.47,53.85,54.43,1398160000.0,1398160000.0,-0.47,-0.871,54.25,"October 31, 19",-0.00871
2019-11-01,54.63,54.74,53.85,53.9,9889200.0,9889200.0,0.73,1.336,54.16333,"November 01, 19",0.01336
2019-11-04,53.96,54.0,52.97,53.14,17459100.0,17459100.0,0.82,1.52,53.37,"November 04, 19",0.0152
2019-11-05,52.89,52.89,52.12,52.42,19283600.0,19283600.0,0.47,0.889,52.47667,"November 05, 19",0.00889
2019-11-06,52.53,52.8,52.41,52.8,13288900.0,13288900.0,-0.27,-0.514,52.67,"November 06, 19",-0.00514
2019-11-07,52.88,53.0,51.96,52.29,11725500.0,11725500.0,0.59,1.116,52.41667,"November 07, 19",0.01116
2019-11-08,52.46,52.6,52.09,52.21,7141800.0,7141800.0,0.25,0.477,52.3,"November 08, 19",0.00477
2019-11-11,52.33,52.37,51.78,51.84,8198300.0,8198300.0,0.49,0.936,51.99667,"November 11, 19",0.00936
2019-11-12,51.91,51.91,51.58,51.71,12656900.0,12656900.0,0.2,0.385,51.73333,"November 12, 19",0.00385
2019-11-13,52.18,52.45,51.96,52.41,12257900.0,12257900.0,-0.23,-0.441,52.27333,"November 13, 19",-0.00441
2019-11-14,52.53,52.67,52.35,52.63,8660300.0,8660300.0,-0.1,-0.19,52.55,"November 14, 19",-0.0019
2019-11-15,52.64,52.68,52.38,52.67,8982400.0,8982400.0,-0.03,-0.057,52.57667,"November 15, 19",-0.00057
2019-11-18,52.68,53.44,52.67,53.03,13782000.0,13782000.0,-0.35,-0.664,53.04667,"November 18, 19",-0.00664
2019-11-19,53.15,53.31,52.87,53.08,12679500.0,12679500.0,0.07,0.132,53.08667,"November 19, 19",0.00132
2019-11-20,53.1,53.4,53.01,53.22,11970300.0,11970300.0,-0.12,-0.226,53.21,"November 20, 19",-0.00226
2019-11-21,53.11,53.34,52.78,52.96,7856100.0,7856100.0,0.15,0.282,53.02667,"November 21, 19",0.00282
2019-11-22,52.96,53.19,52.75,53.03,9113300.0,9113300.0,-0.07,-0.132,52.99,"November 22, 19",-0.00132
2019-11-25,53.28,53.39,52.77,53.22,10963500.0,10963500.0,0.06,0.113,53.12667,"November 25, 19",0.00113
2019-11-26,53.31,53.94,53.22,53.9,13219800.0,13219800.0,-0.59,-1.107,53.68667,"November 26, 19",-0.01107
2019-11-27,53.93,54.1,53.6,53.95,9595200.0,9595200.0,-0.02,-0.037,53.88333,"November 27, 19",-0.00037
2019-11-29,53.7,53.73,53.22,53.4,7222300.0,7222300.0,0.3,0.559,53.45,"November 29, 19",0.00559
2019-12-02,53.32,53.75,52.85,53.75,13173800.0,13173800.0,-0.43,-0.806,53.45,"December 02, 19",-0.00806
2019-12-03,53.71,53.84,53.4,53.8,14498300.0,14498300.0,-0.09,-0.168,53.68,"December 03, 19",-0.00168
2019-12-04,53.8,54.31,53.72,54.29,13624000.0,13624000.0,-0.49,-0.911,54.10667,"December 04, 19",-0.00911
2019-12-05,54.21,54.29,53.83,54.19,14068100.0,14068100.0,0.02,0.037,54.10333,"December 05, 19",0.00037
2019-12-06,54.31,54.5,54.17,54.42,7843500.0,7843500.0,-0.11,-0.203,54.36333,"December 06, 19",-0.00203
2019-12-09,54.3,54.51,54.02,54.07,13887200.0,13887200.0,0.23,0.424,54.2,"December 09, 19",0.00424
2019-12-10,54.04,54.07,53.73,53.77,8993900.0,8993900.0,0.27,0.5,53.85667,"December 10, 19",0.005
2019-12-11,53.94,54.15,53.66,53.95,8879100.0,8879100.0,-0.01,-0.019,53.92,"December 11, 19",-0.00019
2019-12-12,54.01,54.45,53.94,54.14,11233300.0,11233300.0,-0.13,-0.241,54.17667,"December 12, 19",-0.00241
2019-12-13,53.94,54.55,53.84,54.42,13072200.0,13072200.0,-0.48,-0.89,54.27,"December 13, 19",-0.0089
2019-12-16,54.69,54.83,54.37,54.42,9538100.0,9538100.0,0.27,0.494,54.54,"December 16, 19",0.00494
2019-12-17,54.4,54.58,54.29,54.42,9230000.0,9230000.0,-0.02,-0.037,54.43,"December 17, 19",-0.00037
2019-12-18,54.53,54.75,53.89,53.91,15132100.0,15132100.0,0.62,1.137,54.18333,"December 18, 19",0.01137
2019-12-19,54.04,54.34,53.92,54.32,13385900.0,13385900.0,-0.28,-0.518,54.19333,"December 19, 19",-0.00518
2019-12-20,54.94,55.2,54.47,54.97,23832800.0,23832800.0,-0.03,-0.055,54.88,"December 20, 19",-0.00055
2019-12-23,55.0,55.24,54.84,54.91,9300800.0,9300800.0,0.09,0.164,54.99667,"December 23, 19",0.00164
2019-12-24,54.8,55.0,54.64,54.71,3359300.0,3359300.0,0.09,0.164,54.78333,"December 24, 19",0.00164
2019-12-26,54.92,55.02,54.79,55.02,6228500.0,6228500.0,-0.1,-0.182,54.94333,"December 26, 19",-0.00182
2019-12-27,55.01,55.45,55.0,55.35,6895500.0,6895500.0,-0.34,-0.618,55.26667,"December 27, 19",-0.00618
2019-12-30,55.18,55.39,55.06,55.27,6431700.0,6431700.0,-0.09,-0.163,55.24,"December 30, 19",-0.00163
2019-12-31,55.2,55.38,54.98,55.35,7982600.0,7982600.0,-0.15,-0.272,55.23667,"December 31, 19",-0.00272
